iteration,candidate_index,objective,phi_n,u_avg_n,ar_n,lt_1_n,a_0_n,phi,u_avg,ar,lt_1,a_0
65,0,-0.43260101483628843,0.5605025657653612,0.0003289694089163061,0.9808289154277324,0.5583335290553973,0.8991771109689992,0.6363015394592167,0.500625041876941,4.925232770168156,0.010583335290553973,1269.7531332906997
65,1,-0.4326010110733091,0.5605024780052797,0.0003289757743672808,0.9808289226014393,0.5583332589341449,0.8991758867422944,0.6363014868031679,0.5006250539712979,4.925232798145613,0.010583332589341448,1269.7527660226883
65,2,-0.43260099873267827,0.5605025250147273,0.0003289828051372659,0.9808288784972973,0.5583335319546949,0.8991711681608991,0.6363015150088365,0.5006250673297608,4.92523262613946,0.010583335319546949,1269.7513504482697
65,3,-0.43260100045219907,0.5605025511352996,0.00032898806253016865,0.9808289257171073,0.5583330750417308,0.8991727981832658,0.6363015306811798,0.5006250773188073,4.925232810296718,0.010583330750417307,1269.7518394549797
65,4,-0.43260100741404733,0.5605025505337766,0.0003289833330947791,0.9808289301256672,0.5583335319546949,0.8991760027859684,0.6363015303202659,0.5006250683328801,4.9252328274901025,0.010583335319546949,1269.7528008357906
65,5,-0.4326010032915802,0.5605025801804959,0.0003289743700314719,0.9808288698834287,0.5583334425788209,0.8991729206151848,0.6363015481082976,0.5006250513030598,4.925232592545372,0.010583334425788208,1269.7518761845554
65,6,-0.4326010065482957,0.5605024715767947,0.00032897411454949885,0.9808289070045824,0.5583335462161676,0.8991693431314248,0.6363014829460769,0.5006250508176441,4.925232737317871,0.010583335462161676,1269.7508029394276
65,7,-0.4326009994494023,0.5605026186620974,0.00032898525677929125,0.9808289135085114,0.5583331407607528,0.8991716808654601,0.6363015711972584,0.5006250719878806,4.925232762683194,0.010583331407607527,1269.751504259638
65,8,-0.43260100098610377,0.5605025846093996,0.0003289962395179278,0.9808289273172444,0.5583335916944875,0.899178712406586,0.6363015507656398,0.500625092855084,4.925232816537253,0.010583335916944873,1269.7536137219759
65,9,-0.43260099838958876,0.560502555405209,0.0003289818338819616,0.9808288950101895,0.5583327323402241,0.899170889810215,0.6363015332431254,0.5006250654843757,4.9252326905397394,0.010583327323402239,1269.7512669430644
65,10,-0.43260099965851134,0.5605024240733181,0.00032899212736815564,0.9808289196880229,0.558333241707183,0.8991735394610566,0.6363014544439909,0.5006250850419995,4.9252327867832895,0.01058333241707183,1269.7520618383169
65,11,-0.4326009996918509,0.560502546484966,0.0003289962395179278,0.9808289273172445,0.5583332407363402,0.8991777263223473,0.6363015278909796,0.500625092855084,4.925232816537253,0.0105833324073634,1269.7533178967042
65,12,-0.43260100006002894,0.5605025427270377,0.0003289771051634546,0.980828888572975,0.5583322401387125,0.8991719981762748,0.6363015256362227,0.5006250564998106,4.925232665434603,0.010583322401387124,1269.7515994528824
65,13,-0.4326010025239192,0.5605025094591994,0.00032897510515985214,0.9808288703377074,0.5583335577826614,0.8991708768173383,0.6363015056755197,0.5006250526998037,4.925232594317059,0.010583335577826612,1269.7512630452015
65,14,-0.4326009991870426,0.5605024181572199,0.00032899517675098386,0.9808289207510299,0.5583335916944875,0.8991738240545559,0.636301450894332,0.5006250908358268,4.925232790929017,0.010583335916944873,1269.7521472163667
65,15,-0.4326010028507928,0.5605025074719878,0.000328969921919227,0.9808288719903244,0.5583322842715264,0.8991717108784709,0.6363015044831928,0.5006250428516466,4.925232600762265,0.010583322842715263,1269.7515132635413
65,16,-0.43260100966287773,0.5605024801355966,0.0003289694089163061,0.9808288842663537,0.5583330802246992,0.89917530029899,0.636301488081358,0.500625041876941,4.925232648638779,0.010583330802246991,1269.752590089697
65,17,-0.4326010000013215,0.5605024476160246,0.00032898045798886806,0.9808289231539116,0.5583327770224512,0.8991657176167472,0.6363014685696149,0.5006250628701788,4.925232800300256,0.010583327770224511,1269.7497152850242
65,18,-0.4326010001441447,0.5605024812171026,0.00032897998128980047,0.980828922524017,0.5583323639175751,0.899167767046571,0.6363014887302616,0.5006250619644507,4.925232797843666,0.010583323639175751,1269.7503301139714
65,19,-0.432601010136622,0.5605025241158881,0.00032897220878463424,0.9808289400229525,0.5583325519498515,0.8991722802975541,0.6363015144695329,0.5006250471966908,4.925232866089514,0.010583325519498515,1269.7516840892663
65,20,-0.43260100514454636,0.5605024906269733,0.0003289900803963357,0.9808289230749458,0.5583335425021683,0.8991787550422607,0.636301494376184,0.5006250811527531,4.925232799992289,0.010583335425021682,1269.7536265126782
65,21,-0.4326009923821507,0.5605025484765797,0.0003289970477840978,0.980828875201011,0.5583336283192708,0.8991748993602193,0.6363015290859478,0.5006250943907898,4.925232613283943,0.010583336283192708,1269.7524698080658
65,22,-0.43260100632663484,0.5605024650294247,0.0003289719168162651,0.9808289135225953,0.5583335435548283,0.8991660331600446,0.6363014790176549,0.500625046641951,4.925232762738121,0.010583335435548282,1269.7498099480133
65,23,-0.4326010055081335,0.5605024356126198,0.0003289742021598992,0.9808288842274846,0.5583335496427998,0.8991710185837766,0.6363014613675719,0.5006250509841038,4.9252326484871904,0.010583335496427997,1269.7513055751328
65,24,-0.43260100474604507,0.5605024450308844,0.0003289717326366322,0.9808289011702966,0.558331983238425,0.8991715561451531,0.6363014670185307,0.5006250462920097,4.925232714564157,0.010583319832384249,1269.751466843546
65,25,-0.4326010098463607,0.5605024515638578,0.0003289756815038963,0.9808289059706177,0.5583338294361985,0.8991740452350983,0.6363014709383148,0.5006250537948574,4.925232733285409,0.010583338294361984,1269.7522135705294
65,26,-0.43260099934853585,0.5605025499436577,0.00032898859048768186,0.9808289257171073,0.5583330750417308,0.8991716808654601,0.6363015299661947,0.5006250783219266,4.925232810296718,0.010583330750417307,1269.751504259638
65,27,-0.4326009965354841,0.5605025631514119,0.0003289925605657497,0.9808289230240583,0.5583334184507331,0.8991703716357372,0.6363015378908472,0.5006250858650749,4.925232799793827,0.010583334184507331,1269.751111490721
65,28,-0.4326009997122705,0.5605024297663257,0.000328993901948787,0.9808289177802457,0.558334005793053,0.8991724626994934,0.6363014578597954,0.5006250884137027,4.9252327793429584,0.010583340057930529,1269.7517388098481
65,29,-0.2311782814420184,0.452748183759005,0.5,1.0,0.015,1.0,0.571648910255403,1.45,5.0,0.00515,1300.0
65,30,-0.43260100524339423,0.5605024786106929,0.00032897104542805125,0.9808289107211738,0.5583320958899577,0.8991702052087132,0.6363014871664158,0.5006250449863133,4.925232751812578,0.010583320958899576,1269.7510615626138
65,31,-0.43260100454414485,0.5605024908453429,0.00032897411454949885,0.9808289141413774,0.5583321905838413,0.8991711057461308,0.6363014945072057,0.5006250508176441,4.925232765151372,0.010583321905838413,1269.7513317238393
65,32,-0.43260100240448907,0.5605024634485636,0.0003289849606804441,0.9808289059706177,0.5583332414453636,0.8991740452350983,0.6363014780691382,0.5006250714252929,4.925232733285409,0.010583332414453635,1269.7522135705294
65,33,-0.43260101271191137,0.5605024128344642,0.0003289661387441146,0.9808288809442365,0.5583333829988064,0.8991750979612585,0.6363014477006785,0.5006250356636138,4.925232635682523,0.010583333829988063,1269.7525293883775
65,34,-0.43260100053449685,0.5605025367593266,0.00032897473232803887,0.9808288795562318,0.5583335038290235,0.8991669261206885,0.636301522055596,0.5006250519914233,4.925232630269304,0.010583335038290235,1269.7500778362066
65,35,-0.43260100107876115,0.5605025117354852,0.0003289976006786521,0.9808289240887422,0.5583337591053216,0.8991787550422607,0.6363015070412912,0.5006250954412894,4.925232803946095,0.010583337591053215,1269.7536265126782
65,36,-0.43260099957945347,0.5605025416296527,0.0003289965424912048,0.9808289236212193,0.5583338242593737,0.8991760072678622,0.6363015249777917,0.5006250934307332,4.925232802122755,0.010583338242593736,1269.7528021803587
65,37,-0.43260100295841425,0.5605023872058233,0.00032899631830746683,0.9808289273172445,0.5583335504920323,0.8991787550422607,0.6363014323234941,0.5006250930047842,4.925232816537253,0.010583335504920322,1269.7536265126782
65,38,-0.43260099566835675,0.5605025751082314,0.0003289964451201922,0.9808288780775642,0.5583339024407268,0.8991778473146002,0.636301545064939,0.5006250932457283,4.925232624502501,0.010583339024407267,1269.75335419438
65,39,-0.43260099931232393,0.5605025183345533,0.000328977499258788,0.9808288799551445,0.5583338026508603,0.8991660374852998,0.636301511000732,0.5006250572485917,4.925232631825063,0.010583338026508602,1269.7498112455899
65,40,-0.4326009976753449,0.5605023857251603,0.0003289904379409499,0.980828932184063,0.5583337209268298,0.8991648365476734,0.6363014314350962,0.5006250818320878,4.925232835517845,0.010583337209268297,1269.749450964302
65,41,-0.43260099238398597,0.5605025546793118,0.0003289958900116285,0.9808289197066795,0.5583336772677214,0.8991667475919364,0.6363015328075872,0.5006250921910221,4.92523278685605,0.010583336772677213,1269.750024277581
65,42,-0.2542559915891291,0.5215135256659925,0.5,1.0,0.015,1.0,0.6129081153995956,1.45,5.0,0.00515,1300.0
65,43,-0.4326010049590257,0.5605024575682214,0.0003289832246141036,0.98082890625751,0.5583332414453636,0.8991760173570926,0.6363014745409328,0.5006250681267668,4.925232734404289,0.010583332414453635,1269.7528052071277
65,44,-0.4326010096914759,0.5605025305908646,0.0003289805551032731,0.9808289270303522,0.5583335916944875,0.8991767829202663,0.6363015183545189,0.5006250630546962,4.925232815418374,0.010583335916944873,1269.75303487608
65,45,-0.43260099751338593,0.5605024302875073,0.0003289849150509575,0.9808289122330024,0.5583312285861233,0.8991736947048654,0.6363014581725044,0.5006250713385968,4.925232757708709,0.010583312285861231,1269.7521084114596
65,46,-0.43260100173650917,0.5605024605091415,0.00032898476705092033,0.9808289162347399,0.5583331364504017,0.8991716885288821,0.636301476305485,0.5006250710573967,4.925232773315486,0.010583331364504017,1269.7515065586647
65,47,-0.4326010029202186,0.5605025260266582,0.0003289798753041806,0.9808289233288519,0.5583332042991478,0.8991687593011866,0.636301515615995,0.500625061763078,4.925232800982522,0.010583332042991478,1269.750627790356
65,48,-0.24117786046879164,0.48161582852450213,0.5,1.0,0.015,1.0,0.5889694971147013,1.45,5.0,0.00515,1300.0
65,49,-0.4326009983790525,0.5605024181572199,0.00032899517675098386,0.9808289207510299,0.5583333078990859,0.8991738240545559,0.636301450894332,0.5006250908358268,4.925232790929017,0.010583333078990858,1269.7521472163667
65,50,-0.43260100321247913,0.5605024634485636,0.0003289849606804441,0.9808289059706177,0.5583335252407652,0.8991740452350983,0.6363014780691382,0.5006250714252929,4.925232733285409,0.010583335252407651,1269.7522135705294
65,51,-0.4326010029202186,0.5605025260266582,0.0003289798753041806,0.9808289233288519,0.5583332042991478,0.8991687593011866,0.636301515615995,0.500625061763078,4.925232800982522,0.010583332042991478,1269.750627790356
65,52,-0.4326010029202186,0.5605025260266582,0.0003289798753041806,0.9808289233288519,0.5583332042991478,0.8991687593011866,0.636301515615995,0.500625061763078,4.925232800982522,0.010583332042991478,1269.750627790356
65,53,-0.2669337330220726,0.5631708302935184,0.5,1.0,0.015,1.0,0.6379024981761111,1.45,5.0,0.00515,1300.0
65,54,-0.2413574538458054,0.4821461623611496,0.5,1.0,0.015,1.0,0.5892876974166898,1.45,5.0,0.00515,1300.0
65,55,-0.43260100484716435,0.5605024365909517,0.00032897411454949885,0.9808289232117193,0.5583320652911967,0.8991697795247922,0.636301461954571,0.5006250508176441,4.925232800525706,0.010583320652911966,1269.7509338574378
65,56,-0.4326009994383412,0.5605023746418969,0.00032899402197590123,0.9808289183347875,0.5583325616521339,0.8991770413212683,0.6363014247851382,0.5006250886417543,4.925232781505671,0.010583325616521339,1269.7531123963804
65,57,-0.4326009972314173,0.5605024449360858,0.0003289856029840226,0.9808289027742259,0.5583332821014924,0.8991673943404291,0.6363014669616516,0.5006250726456697,4.925232720819481,0.010583332821014924,1269.7502183021288
65,58,-0.43260099585452405,0.5605024724871107,0.00032899118900019196,0.98082890401531,0.5583329558954617,0.8991717509808677,0.6363014834922665,0.5006250832591004,4.9252327256597095,0.010583329558954618,1269.7515252942603
65,59,-0.26837783368407714,0.5681436385742288,0.5,1.0,0.015,1.0,0.6408861831445374,1.45,5.0,0.00515,1300.0
65,60,-0.4326010055061468,0.5605024908453429,0.00032897411454949885,0.9808289226562765,0.5583321905838413,0.8991711057461308,0.6363014945072057,0.5006250508176441,4.925232798359478,0.010583321905838413,1269.7513317238393
65,61,-0.43260099940212515,0.560502623091001,0.00032898525677929125,0.9808289135085114,0.5583331407607528,0.8991716808654601,0.6363015738546006,0.5006250719878806,4.925232762683194,0.010583331407607527,1269.751504259638
65,62,-0.43260099718878986,0.5605025447196899,0.00032899412847254926,0.9808288800164984,0.5583337026081416,0.899178040610369,0.636301526831814,0.5006250888440978,4.925232632064343,0.010583337026081416,1269.7534121831106
65,63,-0.43260100549277053,0.5605024704175481,0.00032896909940518214,0.9808289222673907,0.5583307361958217,0.8991723762599249,0.6363014822505288,0.5006250412888699,4.925232796842824,0.010583307361958217,1269.7517128779775
65,64,-0.43260100188540784,0.5605024634485636,0.0003289849606804441,0.9808289059706177,0.5583332414453636,0.8991733160968483,0.6363014780691382,0.5006250714252929,4.925232733285409,0.010583332414453635,1269.7519948290544
65,65,-0.432601002079421,0.5605025495446361,0.0003289962395179278,0.9808289273172445,0.5583338335781889,0.8991787550422607,0.6363015297267817,0.500625092855084,4.925232816537253,0.010583338335781888,1269.7536265126782
65,66,-0.43260101312151994,0.5605024515638578,0.00032896754019944897,0.9808289059706177,0.5583332414453636,0.8991740452350983,0.6363014709383148,0.500625038326379,4.925232733285409,0.010583332414453635,1269.7522135705294
65,67,-0.4326010012386166,0.5605025801804959,0.0003289962395179278,0.9808289290390694,0.5583340405669197,0.8991769323060927,0.6363015481082976,0.500625092855084,4.9252328232523706,0.010583340405669196,1269.753079691828
65,68,-0.4326010000130769,0.5605024928825088,0.0003289750734704202,0.9808288819334655,0.5583328766692133,0.8991679579949076,0.6363014957295052,0.5006250526395938,4.925232639540516,0.010583328766692133,1269.7503873984722
65,69,-0.43260100373509147,0.5605025094591994,0.00032897510515985214,0.9808288703377074,0.5583335577826614,0.8991725781152817,0.6363015056755197,0.5006250526998037,4.925232594317059,0.010583335577826612,1269.7517734345845
65,70,-0.4326010001177535,0.5605024347116,0.0003289956841876102,0.9808289266582316,0.5583330470176593,0.8991770537443173,0.63630146082696,0.5006250917999565,4.925232813967103,0.010583330470176592,1269.753116123295
65,71,-0.4326010031841376,0.5605023735780961,0.00032898728154315927,0.9808289041168309,0.5583333386524559,0.8991756801503077,0.6363014241468576,0.500625075834932,4.92523272605564,0.01058333338652456,1269.7527040450923
65,72,-0.24126690451630975,0.48187871706330854,0.5,1.0,0.015,1.0,0.5891272302379851,1.45,5.0,0.00515,1300.0
65,73,-0.43260099927526896,0.5605023923654271,0.00032898567137513513,0.9808289227561027,0.558333283537187,0.8991663586196343,0.6363014354192562,0.5006250727756127,4.9252327987488,0.01058333283537187,1269.7499075858902
65,74,-0.43260100065215373,0.560502461672766,0.00032899121419104337,0.9808289165087312,0.5583335916944875,0.8991738240545559,0.6363014770036597,0.500625083306963,4.925232774384051,0.010583335916944873,1269.7521472163667
65,75,-0.43260099539130586,0.5605025085889562,0.0003289922528563169,0.9808289120004863,0.5583330574214244,0.8991708768173383,0.6363015051533738,0.500625085280427,4.925232756801897,0.010583330574214244,1269.7512630452015
65,76,-0.43260100846154353,0.5605024355818432,0.00032897853649114546,0.9808288849954528,0.5583335473788963,0.8991787550422607,0.636301461349106,0.5006250592193332,4.925232651482267,0.010583335473788962,1269.7536265126782
65,77,-0.24912105877101576,0.50552245125464,0.5,1.0,0.015,1.0,0.6033134707527841,1.45,5.0,0.00515,1300.0
65,78,-0.43260100199381957,0.560502623091001,0.0003289809935242381,0.9808289135085114,0.5583331407607528,0.8991716808654601,0.6363015738546006,0.500625063887696,4.925232762683194,0.010583331407607527,1269.751504259638
65,79,-0.27280104066036176,0.5837115984544337,0.5,1.0,0.015,1.0,0.6502269590726603,1.45,5.0,0.00515,1300.0
65,80,-0.43260100957873715,0.5605024348694276,0.0003289694191632057,0.9808289050893912,0.5583333836086498,0.8991699942675261,0.6363014609216566,0.5006250418964101,4.925232729848625,0.010583333836086497,1269.7509982802578
65,81,-0.4326010000937063,0.560502623091001,0.00032898411915040346,0.9808289135085114,0.5583331407607528,0.8991716808654601,0.6363015738546006,0.5006250698263858,4.925232762683194,0.010583331407607527,1269.751504259638
65,82,-0.43260100130223855,0.560502623091001,0.00032898213115312586,0.9808289135085114,0.5583331407607528,0.8991716808654601,0.6363015738546006,0.500625066049191,4.925232762683194,0.010583331407607527,1269.751504259638
65,83,-0.43260100129940904,0.5605025801107741,0.00032899602844549045,0.9808289293645258,0.5583335479019573,0.8991787550422607,0.6363015480664644,0.5006250924540464,4.92523282452165,0.010583335479019573,1269.7536265126782
65,84,-0.4326010034124769,0.5605025790784779,0.0003289924880304246,0.9808289286503202,0.5583335586036227,0.8991787550422607,0.6363015474470868,0.5006250857272578,4.925232821736249,0.010583335586036226,1269.7536265126782
65,85,-0.3076330568855918,0.7342578600775077,0.5,1.0,0.015,1.0,0.7405547160465047,1.45,5.0,0.00515,1300.0
65,86,-0.4326010059618702,0.5605024656036334,0.0003289740278616436,0.9808289134712707,0.5583336917372062,0.8991667475919364,0.6363014793621801,0.5006250506529372,4.925232762537956,0.01058333691737206,1269.750024277581
65,87,-0.4326010005642525,0.5605024511275888,0.0003289955232363001,0.980828921044292,0.558333600580018,0.8991764667296356,0.6363014706765533,0.500625091494149,4.925232792072739,0.010583336005800179,1269.7529400188907
65,88,-0.43260100060427625,0.5605024787651163,0.00032899589303261157,0.9808289227564932,0.5583338178804534,0.8991761123671811,0.6363014872590698,0.500625092196762,4.925232798750324,0.010583338178804535,1269.7528337101544
65,89,-0.2963697441214157,0.6781778953983646,0.5,1.0,0.015,1.0,0.7069067372390188,1.45,5.0,0.00515,1300.0
65,90,-0.4326010059618702,0.5605024656036334,0.0003289740278616436,0.9808289134712707,0.5583336917372062,0.8991667475919364,0.6363014793621801,0.5006250506529372,4.925232762537956,0.01058333691737206,1269.750024277581
65,91,-0.43260100065215373,0.560502461672766,0.00032899121419104337,0.9808289165087312,0.5583335916944875,0.8991738240545559,0.6363014770036597,0.500625083306963,4.925232774384051,0.010583335916944873,1269.7521472163667
65,92,-0.43260100171780025,0.5605025790784779,0.0003289962395179278,0.9808289349399002,0.5583335148110926,0.8991787550422607,0.6363015474470868,0.500625092855084,4.925232846265611,0.010583335148110926,1269.7536265126782
65,93,-0.4326009925789751,0.5605025659671647,0.00032899362262122473,0.9808289071900212,0.5583333918350991,0.8991683824422831,0.6363015395802989,0.5006250878829803,4.925232738041083,0.01058333391835099,1269.750514732685
65,94,-0.4326010089428939,0.5605024794197302,0.0003289792759481108,0.9808289296391385,0.5583331249669645,0.8991753243856864,0.6363014876518381,0.5006250606243015,4.92523282559264,0.010583331249669644,1269.7525973157058
65,95,-0.4326010122214646,0.5605024292979509,0.000328968337225829,0.980828913288276,0.5583333829988064,0.899171400296296,0.6363014575787707,0.500625039840729,4.925232761824276,0.010583333829988063,1269.7514200888888
65,96,-0.4326009966220496,0.5605025139962307,0.00032898588969806984,0.980828891644119,0.5583327233648945,0.8991718195321243,0.6363015083977385,0.5006250731904264,4.925232677412064,0.010583327233648944,1269.7515458596372
65,97,-0.4326009920498325,0.5605025790784779,0.0003289962395179278,0.9808289336691122,0.5583328541674125,0.8991680184586404,0.6363015474470868,0.500625092855084,4.925232841309537,0.010583328541674125,1269.750405537592
65,98,-0.4326010137152105,0.5605025313939063,0.0003289758705891122,0.9808289301326037,0.5583334543758939,0.8991785036301914,0.6363015188363438,0.5006250541541193,4.925232827517155,0.010583334543758937,1269.7535510890575
65,99,-0.4326010029940859,0.5605025801107741,0.00032899227695798726,0.9808289230749458,0.5583335916944875,0.8991787550422607,0.6363015480664644,0.5006250853262202,4.925232799992289,0.010583335916944873,1269.7536265126782
65,100,-0.2890826437382358,0.6464176067228785,0.5,1.0,0.015,1.0,0.6878505640337271,1.45,5.0,0.00515,1300.0
65,101,-0.4326010032135622,0.5605023697026636,0.00032898927344749535,0.9808289165972893,0.5583331573477149,0.899176108758855,0.6363014218215982,0.5006250796195503,4.925232774729428,0.010583331573477149,1269.7528326276565
65,102,-0.4326010002679377,0.560502408353267,0.0003289919835324797,0.9808289236030875,0.5583338026508603,0.899171172328321,0.6363014450119602,0.5006250847687117,4.925232802052041,0.010583338026508602,1269.7513516984964
65,103,-0.43260100298271326,0.5605023795157722,0.0003289847114567798,0.9808289358258822,0.5583328756115277,0.8991701112365829,0.6363014277094634,0.5006250709517679,4.92523284972094,0.010583328756115276,1269.751033370975
65,104,-0.4326010000943311,0.5605023796172313,0.0003289855211059872,0.9808289250573706,0.5583327551334719,0.8991689376644829,0.6363014277703387,0.5006250724901014,4.925232807723745,0.010583327551334717,1269.750681299345
65,105,-0.4326010026599901,0.5605024656036334,0.0003289740278616436,0.9808288844377397,0.5583336841117088,0.8991667475919364,0.6363014793621801,0.5006250506529372,4.925232649307185,0.010583336841117088,1269.750024277581
65,106,-0.2721981859165508,0.5815585394522118,0.5,1.0,0.015,1.0,0.6489351236713271,1.45,5.0,0.00515,1300.0
65,107,-0.4326009962056753,0.5605024773171892,0.00032898749409927537,0.9808289012161207,0.5583327656905583,0.899170366399936,0.6363014863903136,0.5006250762387886,4.9252327147428705,0.010583327656905582,1269.7511099199808
65,108,-0.432600988567959,0.560502461577026,0.00032898876831756636,0.9808288682276971,0.5583321155375894,0.8991683252872902,0.6363014769462156,0.5006250786598033,4.925232586088018,0.010583321155375892,1269.750497586187
65,109,-0.43260099830755655,0.5605024765923987,0.00032899225793608456,0.9808288869290346,0.5583334251888387,0.8991770057729683,0.6363014859554392,0.5006250852900785,4.925232659023235,0.010583334251888385,1269.7531017318906
65,110,-0.43260099870957064,0.5605024565868358,0.00032899285646132857,0.980828916865637,0.5583335522936188,0.8991725224070919,0.6363014739521016,0.5006250864272765,4.925232775775984,0.010583335522936187,1269.7517567221275
65,111,-0.4326009932346692,0.5605025801706754,0.00032899746285449565,0.9808289036005168,0.5583324311703926,0.8991772072562026,0.6363015481024052,0.5006250951794236,4.925232724042015,0.010583324311703925,1269.7531621768608
65,112,-0.43260099737336455,0.5605025801610899,0.00032899740019968256,0.9808289123659284,0.5583335996266094,0.8991769031467804,0.636301548096654,0.5006250950603794,4.925232758227121,0.010583335996266093,1269.753070944034
65,113,-0.43260101148726854,0.5605024346320874,0.00032897510617323114,0.9808289400229525,0.5583332362682473,0.8991725731863114,0.6363014607792525,0.5006250527017292,4.925232866089514,0.010583332362682472,1269.7517719558934
65,114,-0.3111386460599629,0.7541770776702411,0.5,1.0,0.015,1.0,0.7525062466021447,1.45,5.0,0.00515,1300.0
65,115,-0.43260100229262216,0.5605024520016235,0.0003289963194194768,0.9808289273172445,0.5583335916944875,0.8991786275329507,0.6363014712009741,0.5006250930068971,4.925232816537253,0.010583335916944873,1269.7535882598852
65,116,-0.43260100091431786,0.5605025801804959,0.0003289962395179278,0.9808289273172444,0.5583335916944875,0.8991785451631469,0.6363015481082976,0.500625092855084,4.925232816537253,0.010583335916944873,1269.753563548944
65,117,-0.4326009969496484,0.5605025460216432,0.00032898014253001723,0.9808288467871771,0.5583335462193579,0.8991716801981794,0.636301527612986,0.500625062270807,4.92523250246999,0.010583335462193578,1269.7515040594537
65,118,-0.24171592604829462,0.48320606010291794,0.5,1.0,0.015,1.0,0.5899236360617508,1.45,5.0,0.00515,1300.0
65,119,-0.4326009997187604,0.5605024998157832,0.000328975806994598,0.9808288727166414,0.5583338026508603,0.8991660343985766,0.6363014998894699,0.5006250540332897,4.9252326035949014,0.010583338026508602,1269.749810319573
65,120,-0.4326010019130756,0.5605024268720372,0.0003289736090804551,0.9808288734090276,0.5583338026508603,0.8991660362467678,0.6363014561232223,0.5006250498572529,4.925232606295207,0.010583338026508602,1269.7498108740303
65,121,-0.43260100107916616,0.5605023746418969,0.00032899547758884315,0.9808289280340915,0.5583330638842012,0.8991770413212683,0.6363014247851382,0.5006250914074188,4.925232819332956,0.010583330638842012,1269.7531123963804
65,122,-0.4326010007478847,0.5605025790784779,0.00032899478390498583,0.9808289302798101,0.5583330482599649,0.8991787550422607,0.6363015474470868,0.5006250900894195,4.925232828091259,0.010583330482599648,1269.7536265126782
65,123,-0.43260099579916805,0.5605024076987877,0.00032899250673084995,0.9808289029371915,0.558333495613901,0.8991698396755561,0.6363014446192726,0.5006250857627886,4.925232721455046,0.010583334956139008,1269.7509519026669
65,124,-0.43260100742264157,0.5605024065954884,0.00032897245071455814,0.9808289113500224,0.5583333057744015,0.8991684481564972,0.6363014439572932,0.5006250476563576,4.925232754265087,0.010583333057744015,1269.7505344469491
65,125,-0.26570571644352003,0.5590827743867927,0.5,1.0,0.015,0.9144970635964789,0.6354496646320756,1.45,5.0,0.00515,1274.3491190789437
65,126,-0.43263619635891726,0.5463197131529399,0.0003289956841876102,0.9808289107814906,0.5583336173717977,0.9846816914457819,0.627791827891764,0.5006250917999565,4.925232752047814,0.010583336173717976,1295.4045074337346
65,127,-0.43260100411916785,0.5605025256848469,0.0003289887971308972,0.9808289320255417,0.5583332739756589,0.8991763980348589,0.6363015154109082,0.5006250787145488,4.925232834899612,0.010583332739756588,1269.7529194104577
65,128,-0.4326010035305502,0.5605025803191299,0.00032898525677929125,0.9808289367153511,0.5583331407607528,0.8991731557338962,0.636301548191478,0.5006250719878806,4.925232853189869,0.010583331407607527,1269.751946720169
65,129,-0.43260100132892515,0.5605024347116,0.0003289956841876102,0.9808289266582316,0.5583330470176593,0.8991787550422607,0.63630146082696,0.5006250917999565,4.925232813967103,0.010583330470176592,1269.7536265126782
65,130,-0.21910164589634504,0.4193897120367817,0.5,1.0,0.015,1.0,0.5516338272220691,1.45,5.0,0.00515,1300.0
65,131,-0.43260101312151994,0.5605024515638578,0.00032896754019944897,0.9808289059706177,0.5583332414453636,0.8991740452350983,0.6363014709383148,0.500625038326379,4.925232733285409,0.010583332414453635,1269.7522135705294
65,132,-0.43260101029898385,0.5605024832120746,0.0003289737657655035,0.9808289400229525,0.5583333780100601,0.8991699209883847,0.6363014899272448,0.5006250501549545,4.925232866089514,0.0105833337801006,1269.7509762965153
65,133,-0.4326009940700416,0.5605024650294247,0.0003289929279069833,0.9808288897828448,0.558333775960839,0.8991695964805196,0.6363014790176549,0.5006250865630233,4.925232670153095,0.010583337759608388,1269.7508789441558
65,134,-0.4326010038654889,0.5605024778452105,0.00032898054503361295,0.9808288807373118,0.5583337602585846,0.8991744723352924,0.6363014867071264,0.5006250630355639,4.925232634875516,0.010583337602585846,1269.7523417005877
65,135,-0.4326010060028379,0.5605024577099744,0.00032897025394789753,0.9808289046688518,0.5583319647428744,0.8991717677078703,0.6363014746259847,0.500625043482501,4.925232728208522,0.010583319647428743,1269.7515303123612
65,136,-0.43260101003174606,0.5605024573968285,0.00032897296775544774,0.9808288935604936,0.5583338294361985,0.8991740452350983,0.636301474438097,0.5006250486387354,4.925232684885925,0.010583338294361984,1269.7522135705294
65,137,-0.43260100862092954,0.560502476737073,0.000328972037326707,0.9808289294705844,0.5583320840995561,0.8991728401076751,0.6363014860422438,0.5006250468709208,4.925232824935279,0.010583320840995562,1269.7518520323024
65,138,-0.4326010028655978,0.5605025003904924,0.00032898430000363917,0.980828894813685,0.5583331546189771,0.8991768005034905,0.6363015002342955,0.5006250701700069,4.925232689773371,0.010583331546189772,1269.7530401510471
65,139,-0.43260100512295496,0.5605025313939063,0.0003289819210346061,0.9808289366147018,0.5583334090859008,0.8991707533664008,0.6363015188363438,0.5006250656499658,4.925232852797337,0.010583334090859008,1269.7512260099202
65,140,-0.4326010085167878,0.5605025135846204,0.0003289827466854033,0.9808289354337923,0.5583333240501765,0.8991764860732524,0.6363015081507724,0.5006250672187023,4.92523284819179,0.010583333240501765,1269.7529458219758
65,141,-0.4326010026285255,0.5605023917486895,0.0003289965243671294,0.9808289212839264,0.5583339620446083,0.8991778473146002,0.6363014350492138,0.5006250933962976,4.9252327930073125,0.010583339620446082,1269.75335419438
65,142,-0.43260101228707865,0.5605024346320874,0.0003289700122229827,0.9808289400229525,0.5583325027575323,0.8991722802975541,0.6363014607792525,0.5006250430232236,4.925232866089514,0.010583325027575322,1269.7516840892663
65,143,-0.4326010018958222,0.5605024347624213,0.0003289956841876102,0.9808289273149844,0.5583332202614136,0.8991787550422607,0.6363014608574529,0.5006250917999565,4.925232816528439,0.010583332202614135,1269.7536265126782
65,144,-0.4326009978785078,0.5605024356332944,0.0003289803898863466,0.9808288970176186,0.5583326844385135,0.8991670159769887,0.6363014613799767,0.5006250627407841,4.9252326983687125,0.010583326844385134,1269.7501047930966
65,145,-0.2971848133139855,0.681917996674588,0.5,1.0,0.015,1.0,0.7091507980047529,1.45,5.0,0.00515,1300.0
65,146,-0.43260100118415246,0.5605024323591401,0.0003289956841876102,0.9808289107814906,0.5583336173717977,0.8991787550422607,0.6363014594154841,0.5006250917999565,4.925232752047814,0.010583336173717976,1269.7536265126782
65,147,-0.43260101460209954,0.5605024387028119,0.00032896754019944897,0.9808289269457005,0.5583337563470699,0.8991705442197263,0.6363014632216872,0.500625038326379,4.925232815088232,0.010583337563470699,1269.751163265918
65,148,-0.2527597780221539,0.5168069549247858,0.5,1.0,0.015,1.0,0.6100841729548715,1.45,5.0,0.00515,1300.0
65,149,-0.4326010062605109,0.5605025801804959,0.0003289743700314719,0.9808288837266843,0.5583335916944875,0.8991742977447026,0.6363015481082976,0.5006250513030598,4.925232646534068,0.010583335916944873,1269.7522893234109
65,150,-0.43260099976493255,0.5605024347116,0.0003289956841876102,0.980828912814976,0.5583330470176593,0.8991787550422607,0.63630146082696,0.5006250917999565,4.925232759978407,0.010583330470176592,1269.7536265126782
65,151,-0.4326010102875631,0.5605023961559716,0.0003289719487007612,0.980828927326874,0.5583333564417687,0.89916914909805,0.6363014376935829,0.5006250467025315,4.925232816574809,0.010583333564417687,1269.7507447294151
65,152,-0.4326009919368592,0.5605024625855463,0.00032898924312712945,0.9808288958815383,0.5583333490363527,0.8991641564238476,0.6363014775513278,0.5006250795619416,4.925232693938,0.010583333490363526,1269.7492469271542
65,153,-0.432601001210122,0.5605025992269487,0.00032898994675772963,0.9808289135085114,0.5583331407607528,0.899177867546542,0.6363015595361692,0.5006250808988397,4.925232762683194,0.010583331407607527,1269.7533602639626
65,154,-0.4326010022240991,0.5605024571219753,0.0003289962395179278,0.9808289273172445,0.5583335916944875,0.8991785398251747,0.6363014742731852,0.500625092855084,4.925232816537253,0.010583335916944873,1269.7535619475525
65,155,-0.4326009972401961,0.5605024827031052,0.0003289827737500895,0.9808289276513595,0.5583314471162785,0.8991689475623229,0.6363014896218632,0.5006250672701251,4.925232817840302,0.010583314471162784,1269.750684268697
65,156,-0.4326010039662161,0.5605024832611171,0.0003289776609183727,0.9808289291210605,0.5583323529431399,0.8991701819898683,0.6363014899566704,0.5006250575557449,4.925232823572136,0.010583323529431398,1269.7510545969606
65,157,-0.4326010016793066,0.5605023786358205,0.0003289965239097312,0.9808289258943137,0.5583332830791761,0.8991783006483653,0.6363014271814924,0.5006250933954285,4.925232810987824,0.01058333283079176,1269.7534901945096
65,158,-0.43260100068887986,0.5605024764700295,0.0003289959634261223,0.9808289262745633,0.5583333330621605,0.8991776374909876,0.6363014858820177,0.5006250923305097,4.925232812470797,0.010583333330621603,1269.7532912472961
65,159,-0.4326009992557356,0.5605026040445482,0.0003289915495394895,0.9808289273172445,0.5583335916944875,0.8991725683611786,0.636301562426729,0.5006250839441251,4.925232816537253,0.010583335916944873,1269.7517705083537
65,160,-0.43260100132892515,0.5605024347116,0.0003289956841876102,0.9808289266582316,0.5583330470176593,0.8991787550422607,0.63630146082696,0.5006250917999565,4.925232813967103,0.010583330470176592,1269.7536265126782
65,161,-0.43260100111739674,0.5605024180874981,0.00032899121419104337,0.9808289165087312,0.5583335916944875,0.8991738240545559,0.6363014508524989,0.500625083306963,4.925232774384051,0.010583335916944873,1269.7521472163667
65,162,-0.4326010039135772,0.5605025385743186,0.0003289694089163061,0.9808288550863815,0.5583333812578005,0.8991715275631961,0.6363015231445912,0.500625041876941,4.925232534836888,0.010583333812578005,1269.7514582689587
65,163,-0.43260099892145343,0.5605025313939063,0.0003289867197954356,0.9808289380147267,0.5583334591604184,0.8991657176167472,0.6363015188363438,0.5006250747676113,4.925232858257434,0.010583334591604184,1269.7497152850242
65,164,-0.4326010089016985,0.5605025495446361,0.0003289853903116045,0.9808289293254702,0.5583338335781889,0.8991787550422607,0.6363015297267817,0.500625072241592,4.925232824369333,0.010583338335781888,1269.7536265126782
65,165,-0.4326010020019799,0.5605025495446361,0.0003289962395179278,0.9808289287099337,0.5583337827237702,0.8991786286247327,0.6363015297267817,0.500625092855084,4.925232821968741,0.0105833378272377,1269.75358858742
65,166,-0.43260100859515177,0.5605025517254185,0.0003289828051372659,0.9808289287329779,0.5583335828091136,0.8991772465213022,0.6363015310352511,0.5006250673297608,4.925232822058614,0.010583335828091135,1269.7531739563906
65,167,-0.4326009925800343,0.5605024656036334,0.00032899604054452414,0.9808289134712707,0.5583336917372062,0.8991667475919364,0.6363014793621801,0.5006250924770346,4.925232762537956,0.01058333691737206,1269.750024277581
65,168,-0.43260100725999295,0.5605024438807517,0.0003289758026665678,0.9808289070281855,0.5583334565581836,0.899171723890219,0.636301466328451,0.5006250540250665,4.925232737409923,0.010583334565581835,1269.7515171670657
65,169,-0.24945599617097655,0.5065519176089409,0.5,1.0,0.015,1.0,0.6039311505653646,1.45,5.0,0.00515,1300.0
65,170,-0.43260099684540915,0.5605024273480853,0.0003289847214214337,0.9808289224971247,0.5583311235911614,0.8991713379986492,0.6363014564088512,0.5006250709707007,4.925232797738786,0.010583311235911615,1269.7514013995947
65,171,-0.4326009978105209,0.560502476434962,0.0003289870227192896,0.9808288809442365,0.5583333829988064,0.8991729532860595,0.6363014858609772,0.5006250753431667,4.925232635682523,0.010583333829988063,1269.7518859858178
65,172,-0.43260100437998705,0.5605024673536587,0.0003289924203530329,0.9808289273172445,0.5583335916944875,0.8991784602895116,0.6363014804121953,0.5006250855986708,4.925232816537253,0.010583335916944873,1269.7535380868535
65,173,-0.4326009955314083,0.5605025412886333,0.000328998165213565,0.9808289153068216,0.5583324979239835,0.8991783254462001,0.63630152477318,0.5006250965139057,4.9252327696966045,0.010583324979239835,1269.75349763386
65,174,-0.4326010029202186,0.5605025260266582,0.0003289798753041806,0.9808289233288519,0.5583332042991478,0.8991687593011866,0.636301515615995,0.500625061763078,4.925232800982522,0.010583332042991478,1269.750627790356
65,175,-0.43260100421071657,0.5605025396673676,0.0003289771051634546,0.9808289216167819,0.5583326325182637,0.8991709694563613,0.6363015238004206,0.5006250564998106,4.925232794305449,0.010583326325182637,1269.7512908369085
65,176,-0.4326009947906659,0.5605024347116,0.0003289956841876102,0.9808288936144247,0.5583320617962594,0.8991787550422607,0.63630146082696,0.5006250917999565,4.9252326850962564,0.010583320617962593,1269.7536265126782
65,177,-0.4326010061286681,0.5605024490332657,0.000328969921919227,0.9808289011702966,0.558331983238425,0.899172012079219,0.6363014694199595,0.5006250428516466,4.925232714564157,0.010583319832384249,1269.7516036237657
65,178,-0.43260101225535885,0.5605024128344642,0.0003289661387441146,0.9808288809442365,0.5583333829988064,0.8991744566552864,0.6363014477006785,0.5006250356636138,4.925232635682523,0.010583333829988063,1269.7523369965859
65,179,-0.2879745284286249,0.6418229998710837,0.5,1.0,0.015,1.0,0.6850937999226503,1.45,5.0,0.00515,1300.0
65,180,-0.4326010026299911,0.5605025517254185,0.00032899082627382744,0.9808289271878732,0.5583333047796423,0.8991770739488941,0.6363015310352511,0.5006250825699202,4.925232816032706,0.010583333047796422,1269.7531221846682
65,181,-0.43260101228707865,0.5605024346320874,0.0003289700122229827,0.9808289400229525,0.5583325027575323,0.8991722802975541,0.6363014607792525,0.5006250430232236,4.925232866089514,0.010583325027575322,1269.7516840892663
65,182,-0.4326010098463607,0.5605024515638578,0.0003289756815038963,0.9808289059706177,0.5583338294361985,0.8991740452350983,0.6363014709383148,0.5006250537948574,4.925232733285409,0.010583338294361984,1269.7522135705294
65,183,-0.43260100479515284,0.5605024128344642,0.00032897114650258145,0.9808288809442365,0.5583336345557222,0.899167247719248,0.6363014477006785,0.5006250451783549,4.925232635682523,0.01058333634555722,1269.7501743157745
65,184,-0.43260101387862854,0.5605024656036334,0.00032896902010317675,0.9808289134712707,0.5583334401802903,0.8991745978339468,0.6363014793621801,0.5006250411381961,4.925232762537956,0.010583334401802903,1269.7523793501841
65,185,-0.432601002351411,0.5605025924193564,0.00032898525677929125,0.9808289367153511,0.5583331407607528,0.8991716808654601,0.6363015554516138,0.5006250719878806,4.925232853189869,0.010583331407607527,1269.751504259638
65,186,-0.4326010029202186,0.5605025260266582,0.0003289798753041806,0.9808289233288519,0.5583332042991478,0.8991687593011866,0.636301515615995,0.500625061763078,4.925232800982522,0.010583332042991478,1269.750627790356
65,187,-0.4326010047947826,0.5605023697026636,0.000328987470677254,0.9808289165960364,0.5583331573477149,0.8991767906295732,0.6363014218215982,0.5006250761942868,4.925232774724542,0.010583331573477149,1269.753037188872
65,188,-0.2530024232730957,0.5175675280123372,0.5,1.0,0.015,1.0,0.6105405168074023,1.45,5.0,0.00515,1300.0
65,189,-0.43260099934853585,0.5605025499436577,0.00032898859048768186,0.9808289257171073,0.5583330750417308,0.8991716808654601,0.6363015299661947,0.5006250783219266,4.925232810296718,0.010583330750417307,1269.751504259638
65,190,-0.43260099998698565,0.5605024764700295,0.0003289959634261223,0.9808289268445596,0.5583330639129659,0.8991776374909876,0.6363014858820177,0.5006250923305097,4.925232814693782,0.010583330639129657,1269.7532912472961
65,191,-0.2810309605970217,0.6142118313567133,0.5,1.0,0.015,1.0,0.668527098814028,1.45,5.0,0.00515,1300.0
65,192,-0.43260100198148327,0.5605025117354852,0.0003289962395179278,0.9808289230497552,0.558333826765984,0.8991787550422607,0.6363015070412912,0.500625092855084,4.9252327998940455,0.01058333826765984,1269.7536265126782
65,193,-0.43260100034623056,0.5605025801804959,0.00032899623951792775,0.9808289246478319,0.5583334456099355,0.8991787550422607,0.6363015481082976,0.500625092855084,4.9252328061265445,0.010583334456099354,1269.7536265126782
65,194,-0.4326010048465815,0.5605025801804959,0.0003289743700314719,0.9808288718960885,0.558333564535285,0.8991742977447026,0.6363015481082976,0.5006250513030598,4.925232600394745,0.01058333564535285,1269.7522893234109
65,195,-0.432600997821303,0.5605024465506216,0.0003289954989054169,0.9808289344951235,0.5583331278553144,0.8991722802975541,0.636301467930373,0.5006250914479203,4.925232844530981,0.010583331278553144,1269.7516840892663
65,196,-0.4326010166393324,0.5605024400830894,0.0003289708327370426,0.9808289328450732,0.5583329665967055,0.8991784602895116,0.6363014640498537,0.5006250445822004,4.925232838095786,0.010583329665967055,1269.7535380868535
65,197,-0.4326010050384748,0.5605024323591401,0.00032898457791060776,0.9808289107814906,0.5583336991864384,0.8991743580277265,0.6363014594154841,0.5006250706980302,4.925232752047814,0.010583336991864383,1269.7523074083178
65,198,-0.4326009978602073,0.5605024650294247,0.00032898302309326756,0.9808288661705246,0.5583337208362196,0.8991704301745789,0.6363014790176549,0.5006250677438772,4.925232578065046,0.010583337208362194,1269.7511290523737
65,199,-0.4326010042373901,0.56050238448246,0.00032897643321579465,0.9808289050838152,0.5583333123222742,0.8991680113538951,0.6363014306894761,0.50062505522311,4.925232729826879,0.010583333123222741,1269.7504034061685
