iteration,candidate_index,objective,phi_n,u_avg_n,ar_n,lt_1_n,a_0_n,phi,u_avg,ar,lt_1,a_0
280,0,-0.4348630743524894,0.5541885763922927,0.00032898254015696344,0.9999846014176632,0.558223502604956,0.9998926481203956,0.6325131458353757,0.5006250668262983,4.999939945528887,0.010582235026049559,1299.9677944361188
280,1,-0.4348630743524894,0.5541885763922927,0.00032898254015696344,0.9999846014176632,0.558223502604956,0.9998926481203956,0.6325131458353757,0.5006250668262983,4.999939945528887,0.010582235026049559,1299.9677944361188
280,2,-0.4348630743524894,0.5541885763922927,0.00032898254015696344,0.9999846014176632,0.558223502604956,0.9998926481203956,0.6325131458353757,0.5006250668262983,4.999939945528887,0.010582235026049559,1299.9677944361188
280,3,-0.4348630743524894,0.5541885763922927,0.00032898254015696344,0.9999846014176632,0.558223502604956,0.9998926481203956,0.6325131458353757,0.5006250668262983,4.999939945528887,0.010582235026049559,1299.9677944361188
280,4,-0.4348630743524894,0.5541885763922927,0.00032898254015696344,0.9999846014176632,0.558223502604956,0.9998926481203956,0.6325131458353757,0.5006250668262983,4.999939945528887,0.010582235026049559,1299.9677944361188
280,5,-0.4348630743524894,0.5541885763922927,0.00032898254015696344,0.9999846014176632,0.558223502604956,0.9998926481203956,0.6325131458353757,0.5006250668262983,4.999939945528887,0.010582235026049559,1299.9677944361188
280,6,-0.4348630743524894,0.5541885763922927,0.00032898254015696344,0.9999846014176632,0.558223502604956,0.9998926481203956,0.6325131458353757,0.5006250668262983,4.999939945528887,0.010582235026049559,1299.9677944361188
280,7,-0.4348630743524894,0.5541885763922927,0.00032898254015696344,0.9999846014176632,0.558223502604956,0.9998926481203956,0.6325131458353757,0.5006250668262983,4.999939945528887,0.010582235026049559,1299.9677944361188
280,8,-0.2801650467635063,0.6108979943867611,0.5,1.0,0.015,1.0,0.6665387966320566,1.45,5.0,0.00515,1300.0
280,9,-0.4348630743524894,0.5541885763922927,0.00032898254015696344,0.9999846014176632,0.558223502604956,0.9998926481203956,0.6325131458353757,0.5006250668262983,4.999939945528887,0.010582235026049559,1299.9677944361188
280,10,-0.4348630743524894,0.5541885763922927,0.00032898254015696344,0.9999846014176632,0.558223502604956,0.9998926481203956,0.6325131458353757,0.5006250668262983,4.999939945528887,0.010582235026049559,1299.9677944361188
280,11,-0.4348630743524894,0.5541885763922927,0.00032898254015696344,0.9999846014176632,0.558223502604956,0.9998926481203956,0.6325131458353757,0.5006250668262983,4.999939945528887,0.010582235026049559,1299.9677944361188
280,12,-0.4348630743524894,0.5541885763922927,0.00032898254015696344,0.9999846014176632,0.558223502604956,0.9998926481203956,0.6325131458353757,0.5006250668262983,4.999939945528887,0.010582235026049559,1299.9677944361188
280,13,-0.4348630743524894,0.5541885763922927,0.00032898254015696344,0.9999846014176632,0.558223502604956,0.9998926481203956,0.6325131458353757,0.5006250668262983,4.999939945528887,0.010582235026049559,1299.9677944361188
280,14,-0.4348630743524894,0.5541885763922927,0.00032898254015696344,0.9999846014176632,0.558223502604956,0.9998926481203956,0.6325131458353757,0.5006250668262983,4.999939945528887,0.010582235026049559,1299.9677944361188
280,15,-0.4348630743524894,0.5541885763922927,0.00032898254015696344,0.9999846014176632,0.558223502604956,0.9998926481203956,0.6325131458353757,0.5006250668262983,4.999939945528887,0.010582235026049559,1299.9677944361188
280,16,-0.4348630743524894,0.5541885763922927,0.00032898254015696344,0.9999846014176632,0.558223502604956,0.9998926481203956,0.6325131458353757,0.5006250668262983,4.999939945528887,0.010582235026049559,1299.9677944361188
280,17,-0.4348630743524894,0.5541885763922927,0.00032898254015696344,0.9999846014176632,0.558223502604956,0.9998926481203956,0.6325131458353757,0.5006250668262983,4.999939945528887,0.010582235026049559,1299.9677944361188
280,18,-0.4348630743524894,0.5541885763922927,0.00032898254015696344,0.9999846014176632,0.558223502604956,0.9998926481203956,0.6325131458353757,0.5006250668262983,4.999939945528887,0.010582235026049559,1299.9677944361188
280,19,-0.4348630743524894,0.5541885763922927,0.00032898254015696344,0.9999846014176632,0.558223502604956,0.9998926481203956,0.6325131458353757,0.5006250668262983,4.999939945528887,0.010582235026049559,1299.9677944361188
280,20,-0.4348630743524894,0.5541885763922927,0.00032898254015696344,0.9999846014176632,0.558223502604956,0.9998926481203956,0.6325131458353757,0.5006250668262983,4.999939945528887,0.010582235026049559,1299.9677944361188
280,21,-0.4348630743524894,0.5541885763922927,0.00032898254015696344,0.9999846014176632,0.558223502604956,0.9998926481203956,0.6325131458353757,0.5006250668262983,4.999939945528887,0.010582235026049559,1299.9677944361188
280,22,-0.4348630743524894,0.5541885763922927,0.00032898254015696344,0.9999846014176632,0.558223502604956,0.9998926481203956,0.6325131458353757,0.5006250668262983,4.999939945528887,0.010582235026049559,1299.9677944361188
280,23,-0.4348630743524894,0.5541885763922927,0.00032898254015696344,0.9999846014176632,0.558223502604956,0.9998926481203956,0.6325131458353757,0.5006250668262983,4.999939945528887,0.010582235026049559,1299.9677944361188
280,24,-0.4348630743524894,0.5541885763922927,0.00032898254015696344,0.9999846014176632,0.558223502604956,0.9998926481203956,0.6325131458353757,0.5006250668262983,4.999939945528887,0.010582235026049559,1299.9677944361188
280,25,-0.4348630743524894,0.5541885763922927,0.00032898254015696344,0.9999846014176632,0.558223502604956,0.9998926481203956,0.6325131458353757,0.5006250668262983,4.999939945528887,0.010582235026049559,1299.9677944361188
280,26,-0.4348630743524894,0.5541885763922927,0.00032898254015696344,0.9999846014176632,0.558223502604956,0.9998926481203956,0.6325131458353757,0.5006250668262983,4.999939945528887,0.010582235026049559,1299.9677944361188
280,27,-0.4348630743524894,0.5541885763922927,0.00032898254015696344,0.9999846014176632,0.558223502604956,0.9998926481203956,0.6325131458353757,0.5006250668262983,4.999939945528887,0.010582235026049559,1299.9677944361188
280,28,-0.4348630743524894,0.5541885763922927,0.00032898254015696344,0.9999846014176632,0.558223502604956,0.9998926481203956,0.6325131458353757,0.5006250668262983,4.999939945528887,0.010582235026049559,1299.9677944361188
280,29,-0.4348630743524894,0.5541885763922927,0.00032898254015696344,0.9999846014176632,0.558223502604956,0.9998926481203956,0.6325131458353757,0.5006250668262983,4.999939945528887,0.010582235026049559,1299.9677944361188
280,30,-0.4348630743524894,0.5541885763922927,0.00032898254015696344,0.9999846014176632,0.558223502604956,0.9998926481203956,0.6325131458353757,0.5006250668262983,4.999939945528887,0.010582235026049559,1299.9677944361188
280,31,-0.4348630743524894,0.5541885763922927,0.00032898254015696344,0.9999846014176632,0.558223502604956,0.9998926481203956,0.6325131458353757,0.5006250668262983,4.999939945528887,0.010582235026049559,1299.9677944361188
280,32,-0.4348630743524894,0.5541885763922927,0.00032898254015696344,0.9999846014176632,0.558223502604956,0.9998926481203956,0.6325131458353757,0.5006250668262983,4.999939945528887,0.010582235026049559,1299.9677944361188
280,33,-0.4348630743524894,0.5541885763922927,0.00032898254015696344,0.9999846014176632,0.558223502604956,0.9998926481203956,0.6325131458353757,0.5006250668262983,4.999939945528887,0.010582235026049559,1299.9677944361188
280,34,-0.2260613959704426,0.438431817850223,0.5,1.0,0.015,1.0,0.5630590907101338,1.45,5.0,0.00515,1300.0
280,35,-0.4348630743524894,0.5541885763922927,0.00032898254015696344,0.9999846014176632,0.558223502604956,0.9998926481203956,0.6325131458353757,0.5006250668262983,4.999939945528887,0.010582235026049559,1299.9677944361188
280,36,-0.4348630743524894,0.5541885763922927,0.00032898254015696344,0.9999846014176632,0.558223502604956,0.9998926481203956,0.6325131458353757,0.5006250668262983,4.999939945528887,0.010582235026049559,1299.9677944361188
280,37,-0.4348630743524894,0.5541885763922927,0.00032898254015696344,0.9999846014176632,0.558223502604956,0.9998926481203956,0.6325131458353757,0.5006250668262983,4.999939945528887,0.010582235026049559,1299.9677944361188
280,38,-0.4348630743524894,0.5541885763922927,0.00032898254015696344,0.9999846014176632,0.558223502604956,0.9998926481203956,0.6325131458353757,0.5006250668262983,4.999939945528887,0.010582235026049559,1299.9677944361188
280,39,-0.4348630743524894,0.5541885763922927,0.00032898254015696344,0.9999846014176632,0.558223502604956,0.9998926481203956,0.6325131458353757,0.5006250668262983,4.999939945528887,0.010582235026049559,1299.9677944361188
280,40,-0.4348630743524894,0.5541885763922927,0.00032898254015696344,0.9999846014176632,0.558223502604956,0.9998926481203956,0.6325131458353757,0.5006250668262983,4.999939945528887,0.010582235026049559,1299.9677944361188
280,41,-0.4348630743524894,0.5541885763922927,0.00032898254015696344,0.9999846014176632,0.558223502604956,0.9998926481203956,0.6325131458353757,0.5006250668262983,4.999939945528887,0.010582235026049559,1299.9677944361188
280,42,-0.4348630743524894,0.5541885763922927,0.00032898254015696344,0.9999846014176632,0.558223502604956,0.9998926481203956,0.6325131458353757,0.5006250668262983,4.999939945528887,0.010582235026049559,1299.9677944361188
280,43,-0.4348630743524894,0.5541885763922927,0.00032898254015696344,0.9999846014176632,0.558223502604956,0.9998926481203956,0.6325131458353757,0.5006250668262983,4.999939945528887,0.010582235026049559,1299.9677944361188
280,44,-0.4348630743524894,0.5541885763922927,0.00032898254015696344,0.9999846014176632,0.558223502604956,0.9998926481203956,0.6325131458353757,0.5006250668262983,4.999939945528887,0.010582235026049559,1299.9677944361188
280,45,-0.4348630743524894,0.5541885763922927,0.00032898254015696344,0.9999846014176632,0.558223502604956,0.9998926481203956,0.6325131458353757,0.5006250668262983,4.999939945528887,0.010582235026049559,1299.9677944361188
280,46,-0.24709038019247037,0.49931953598674433,0.5,1.0,0.015,1.0,0.5995917215920467,1.45,5.0,0.00515,1300.0
280,47,-0.4348630743524894,0.5541885763922927,0.00032898254015696344,0.9999846014176632,0.558223502604956,0.9998926481203956,0.6325131458353757,0.5006250668262983,4.999939945528887,0.010582235026049559,1299.9677944361188
280,48,-0.4348630743524894,0.5541885763922927,0.00032898254015696344,0.9999846014176632,0.558223502604956,0.9998926481203956,0.6325131458353757,0.5006250668262983,4.999939945528887,0.010582235026049559,1299.9677944361188
280,49,-0.4348630743524894,0.5541885763922927,0.00032898254015696344,0.9999846014176632,0.558223502604956,0.9998926481203956,0.6325131458353757,0.5006250668262983,4.999939945528887,0.010582235026049559,1299.9677944361188
280,50,-0.4348630743524894,0.5541885763922927,0.00032898254015696344,0.9999846014176632,0.558223502604956,0.9998926481203956,0.6325131458353757,0.5006250668262983,4.999939945528887,0.010582235026049559,1299.9677944361188
280,51,-0.4348630743524894,0.5541885763922927,0.00032898254015696344,0.9999846014176632,0.558223502604956,0.9998926481203956,0.6325131458353757,0.5006250668262983,4.999939945528887,0.010582235026049559,1299.9677944361188
280,52,-0.4348630743524894,0.5541885763922927,0.00032898254015696344,0.9999846014176632,0.558223502604956,0.9998926481203956,0.6325131458353757,0.5006250668262983,4.999939945528887,0.010582235026049559,1299.9677944361188
280,53,-0.4348630743524894,0.5541885763922927,0.00032898254015696344,0.9999846014176632,0.558223502604956,0.9998926481203956,0.6325131458353757,0.5006250668262983,4.999939945528887,0.010582235026049559,1299.9677944361188
280,54,-0.4348630743524894,0.5541885763922927,0.00032898254015696344,0.9999846014176632,0.558223502604956,0.9998926481203956,0.6325131458353757,0.5006250668262983,4.999939945528887,0.010582235026049559,1299.9677944361188
280,55,-0.4348630743524894,0.5541885763922927,0.00032898254015696344,0.9999846014176632,0.558223502604956,0.9998926481203956,0.6325131458353757,0.5006250668262983,4.999939945528887,0.010582235026049559,1299.9677944361188
280,56,-0.4348630743524894,0.5541885763922927,0.00032898254015696344,0.9999846014176632,0.558223502604956,0.9998926481203956,0.6325131458353757,0.5006250668262983,4.999939945528887,0.010582235026049559,1299.9677944361188
280,57,-0.4348630743524894,0.5541885763922927,0.00032898254015696344,0.9999846014176632,0.558223502604956,0.9998926481203956,0.6325131458353757,0.5006250668262983,4.999939945528887,0.010582235026049559,1299.9677944361188
280,58,-0.4348630743524894,0.5541885763922927,0.00032898254015696344,0.9999846014176632,0.558223502604956,0.9998926481203956,0.6325131458353757,0.5006250668262983,4.999939945528887,0.010582235026049559,1299.9677944361188
280,59,-0.4348630743524894,0.5541885763922927,0.00032898254015696344,0.9999846014176632,0.558223502604956,0.9998926481203956,0.6325131458353757,0.5006250668262983,4.999939945528887,0.010582235026049559,1299.9677944361188
280,60,-0.4348630743524894,0.5541885763922927,0.00032898254015696344,0.9999846014176632,0.558223502604956,0.9998926481203956,0.6325131458353757,0.5006250668262983,4.999939945528887,0.010582235026049559,1299.9677944361188
280,61,-0.4348630743524894,0.5541885763922927,0.00032898254015696344,0.9999846014176632,0.558223502604956,0.9998926481203956,0.6325131458353757,0.5006250668262983,4.999939945528887,0.010582235026049559,1299.9677944361188
280,62,-0.4348630743524894,0.5541885763922927,0.00032898254015696344,0.9999846014176632,0.558223502604956,0.9998926481203956,0.6325131458353757,0.5006250668262983,4.999939945528887,0.010582235026049559,1299.9677944361188
280,63,-0.4348630743524894,0.5541885763922927,0.00032898254015696344,0.9999846014176632,0.558223502604956,0.9998926481203956,0.6325131458353757,0.5006250668262983,4.999939945528887,0.010582235026049559,1299.9677944361188
280,64,-0.4348630743524894,0.5541885763922927,0.00032898254015696344,0.9999846014176632,0.558223502604956,0.9998926481203956,0.6325131458353757,0.5006250668262983,4.999939945528887,0.010582235026049559,1299.9677944361188
280,65,-0.4348630743524894,0.5541885763922927,0.00032898254015696344,0.9999846014176632,0.558223502604956,0.9998926481203956,0.6325131458353757,0.5006250668262983,4.999939945528887,0.010582235026049559,1299.9677944361188
280,66,-0.4348630743524894,0.5541885763922927,0.00032898254015696344,0.9999846014176632,0.558223502604956,0.9998926481203956,0.6325131458353757,0.5006250668262983,4.999939945528887,0.010582235026049559,1299.9677944361188
280,67,-0.4348630743524894,0.5541885763922927,0.00032898254015696344,0.9999846014176632,0.558223502604956,0.9998926481203956,0.6325131458353757,0.5006250668262983,4.999939945528887,0.010582235026049559,1299.9677944361188
280,68,-0.4348630743524894,0.5541885763922927,0.00032898254015696344,0.9999846014176632,0.558223502604956,0.9998926481203956,0.6325131458353757,0.5006250668262983,4.999939945528887,0.010582235026049559,1299.9677944361188
280,69,-0.23824076214465675,0.4730048307248892,0.5,1.0,0.015,1.0,0.5838028984349335,1.45,5.0,0.00515,1300.0
280,70,-0.4348630743524894,0.5541885763922927,0.00032898254015696344,0.9999846014176632,0.558223502604956,0.9998926481203956,0.6325131458353757,0.5006250668262983,4.999939945528887,0.010582235026049559,1299.9677944361188
280,71,-0.4348630743524894,0.5541885763922927,0.00032898254015696344,0.9999846014176632,0.558223502604956,0.9998926481203956,0.6325131458353757,0.5006250668262983,4.999939945528887,0.010582235026049559,1299.9677944361188
280,72,-0.4348630743524894,0.5541885763922927,0.00032898254015696344,0.9999846014176632,0.558223502604956,0.9998926481203956,0.6325131458353757,0.5006250668262983,4.999939945528887,0.010582235026049559,1299.9677944361188
280,73,-0.4348630743524894,0.5541885763922927,0.00032898254015696344,0.9999846014176632,0.558223502604956,0.9998926481203956,0.6325131458353757,0.5006250668262983,4.999939945528887,0.010582235026049559,1299.9677944361188
280,74,-0.4348630743524894,0.5541885763922927,0.00032898254015696344,0.9999846014176632,0.558223502604956,0.9998926481203956,0.6325131458353757,0.5006250668262983,4.999939945528887,0.010582235026049559,1299.9677944361188
280,75,-0.24071541974078292,0.48025230419883075,0.5,1.0,0.015,1.0,0.5881513825192985,1.45,5.0,0.00515,1300.0
280,76,-0.4348630743524894,0.5541885763922927,0.00032898254015696344,0.9999846014176632,0.558223502604956,0.9998926481203956,0.6325131458353757,0.5006250668262983,4.999939945528887,0.010582235026049559,1299.9677944361188
280,77,-0.4348630743524894,0.5541885763922927,0.00032898254015696344,0.9999846014176632,0.558223502604956,0.9998926481203956,0.6325131458353757,0.5006250668262983,4.999939945528887,0.010582235026049559,1299.9677944361188
280,78,-0.4348630743524894,0.5541885763922927,0.00032898254015696344,0.9999846014176632,0.558223502604956,0.9998926481203956,0.6325131458353757,0.5006250668262983,4.999939945528887,0.010582235026049559,1299.9677944361188
280,79,-0.4348630743524894,0.5541885763922927,0.00032898254015696344,0.9999846014176632,0.558223502604956,0.9998926481203956,0.6325131458353757,0.5006250668262983,4.999939945528887,0.010582235026049559,1299.9677944361188
280,80,-0.4348630743524894,0.5541885763922927,0.00032898254015696344,0.9999846014176632,0.558223502604956,0.9998926481203956,0.6325131458353757,0.5006250668262983,4.999939945528887,0.010582235026049559,1299.9677944361188
280,81,-0.4348630743524894,0.5541885763922927,0.00032898254015696344,0.9999846014176632,0.558223502604956,0.9998926481203956,0.6325131458353757,0.5006250668262983,4.999939945528887,0.010582235026049559,1299.9677944361188
280,82,-0.4348630743524894,0.5541885763922927,0.00032898254015696344,0.9999846014176632,0.558223502604956,0.9998926481203956,0.6325131458353757,0.5006250668262983,4.999939945528887,0.010582235026049559,1299.9677944361188
280,83,-0.4348630743524894,0.5541885763922927,0.00032898254015696344,0.9999846014176632,0.558223502604956,0.9998926481203956,0.6325131458353757,0.5006250668262983,4.999939945528887,0.010582235026049559,1299.9677944361188
280,84,-0.2906637903713016,0.6530734688988585,0.5,1.0,0.015,1.0,0.6918440813393152,1.45,5.0,0.00515,1300.0
280,85,-0.4348630743524894,0.5541885763922927,0.00032898254015696344,0.9999846014176632,0.558223502604956,0.9998926481203956,0.6325131458353757,0.5006250668262983,4.999939945528887,0.010582235026049559,1299.9677944361188
280,86,-0.2281007996575041,0.44410383531599795,0.5,1.0,0.015,1.0,0.5664623011895988,1.45,5.0,0.00515,1300.0
280,87,-0.4348630743524894,0.5541885763922927,0.00032898254015696344,0.9999846014176632,0.558223502604956,0.9998926481203956,0.6325131458353757,0.5006250668262983,4.999939945528887,0.010582235026049559,1299.9677944361188
280,88,-0.4348630743524894,0.5541885763922927,0.00032898254015696344,0.9999846014176632,0.558223502604956,0.9998926481203956,0.6325131458353757,0.5006250668262983,4.999939945528887,0.010582235026049559,1299.9677944361188
280,89,-0.4348630743524894,0.5541885763922927,0.00032898254015696344,0.9999846014176632,0.558223502604956,0.9998926481203956,0.6325131458353757,0.5006250668262983,4.999939945528887,0.010582235026049559,1299.9677944361188
280,90,-0.4348630743524894,0.5541885763922927,0.00032898254015696344,0.9999846014176632,0.558223502604956,0.9998926481203956,0.6325131458353757,0.5006250668262983,4.999939945528887,0.010582235026049559,1299.9677944361188
280,91,-0.2138673578459283,0.4053620068693694,0.5,1.0,0.015,1.0,0.5432172041216217,1.45,5.0,0.00515,1300.0
280,92,-0.4348630743524894,0.5541885763922927,0.00032898254015696344,0.9999846014176632,0.558223502604956,0.9998926481203956,0.6325131458353757,0.5006250668262983,4.999939945528887,0.010582235026049559,1299.9677944361188
280,93,-0.4348630743524894,0.5541885763922927,0.00032898254015696344,0.9999846014176632,0.558223502604956,0.9998926481203956,0.6325131458353757,0.5006250668262983,4.999939945528887,0.010582235026049559,1299.9677944361188
280,94,-0.4348630743524894,0.5541885763922927,0.00032898254015696344,0.9999846014176632,0.558223502604956,0.9998926481203956,0.6325131458353757,0.5006250668262983,4.999939945528887,0.010582235026049559,1299.9677944361188
280,95,-0.4348630743524894,0.5541885763922927,0.00032898254015696344,0.9999846014176632,0.558223502604956,0.9998926481203956,0.6325131458353757,0.5006250668262983,4.999939945528887,0.010582235026049559,1299.9677944361188
280,96,-0.4348630743524894,0.5541885763922927,0.00032898254015696344,0.9999846014176632,0.558223502604956,0.9998926481203956,0.6325131458353757,0.5006250668262983,4.999939945528887,0.010582235026049559,1299.9677944361188
280,97,-0.4348630743524894,0.5541885763922927,0.00032898254015696344,0.9999846014176632,0.558223502604956,0.9998926481203956,0.6325131458353757,0.5006250668262983,4.999939945528887,0.010582235026049559,1299.9677944361188
280,98,-0.4348630743524894,0.5541885763922927,0.00032898254015696344,0.9999846014176632,0.558223502604956,0.9998926481203956,0.6325131458353757,0.5006250668262983,4.999939945528887,0.010582235026049559,1299.9677944361188
280,99,-0.4348630743524894,0.5541885763922927,0.00032898254015696344,0.9999846014176632,0.558223502604956,0.9998926481203956,0.6325131458353757,0.5006250668262983,4.999939945528887,0.010582235026049559,1299.9677944361188
280,100,-0.4348630743524894,0.5541885763922927,0.00032898254015696344,0.9999846014176632,0.558223502604956,0.9998926481203956,0.6325131458353757,0.5006250668262983,4.999939945528887,0.010582235026049559,1299.9677944361188
280,101,-0.4348630743524894,0.5541885763922927,0.00032898254015696344,0.9999846014176632,0.558223502604956,0.9998926481203956,0.6325131458353757,0.5006250668262983,4.999939945528887,0.010582235026049559,1299.9677944361188
280,102,-0.4348630743524894,0.5541885763922927,0.00032898254015696344,0.9999846014176632,0.558223502604956,0.9998926481203956,0.6325131458353757,0.5006250668262983,4.999939945528887,0.010582235026049559,1299.9677944361188
280,103,-0.4348630743524894,0.5541885763922927,0.00032898254015696344,0.9999846014176632,0.558223502604956,0.9998926481203956,0.6325131458353757,0.5006250668262983,4.999939945528887,0.010582235026049559,1299.9677944361188
280,104,-0.4348630743524894,0.5541885763922927,0.00032898254015696344,0.9999846014176632,0.558223502604956,0.9998926481203956,0.6325131458353757,0.5006250668262983,4.999939945528887,0.010582235026049559,1299.9677944361188
280,105,-0.4348630743524894,0.5541885763922927,0.00032898254015696344,0.9999846014176632,0.558223502604956,0.9998926481203956,0.6325131458353757,0.5006250668262983,4.999939945528887,0.010582235026049559,1299.9677944361188
280,106,-0.4348630743524894,0.5541885763922927,0.00032898254015696344,0.9999846014176632,0.558223502604956,0.9998926481203956,0.6325131458353757,0.5006250668262983,4.999939945528887,0.010582235026049559,1299.9677944361188
280,107,-0.4348630743524894,0.5541885763922927,0.00032898254015696344,0.9999846014176632,0.558223502604956,0.9998926481203956,0.6325131458353757,0.5006250668262983,4.999939945528887,0.010582235026049559,1299.9677944361188
280,108,-0.4348630743524894,0.5541885763922927,0.00032898254015696344,0.9999846014176632,0.558223502604956,0.9998926481203956,0.6325131458353757,0.5006250668262983,4.999939945528887,0.010582235026049559,1299.9677944361188
280,109,-0.4348630743524894,0.5541885763922927,0.00032898254015696344,0.9999846014176632,0.558223502604956,0.9998926481203956,0.6325131458353757,0.5006250668262983,4.999939945528887,0.010582235026049559,1299.9677944361188
280,110,-0.23278797977980797,0.4573122643081371,0.5,1.0,0.015,1.0,0.5743873585848822,1.45,5.0,0.00515,1300.0
280,111,-0.4348630743524894,0.5541885763922927,0.00032898254015696344,0.9999846014176632,0.558223502604956,0.9998926481203956,0.6325131458353757,0.5006250668262983,4.999939945528887,0.010582235026049559,1299.9677944361188
280,112,-0.24965413295559927,0.5071617762924985,0.5,1.0,0.015,1.0,0.6042970657754991,1.45,5.0,0.00515,1300.0
280,113,-0.4348630743524894,0.5541885763922927,0.00032898254015696344,0.9999846014176632,0.558223502604956,0.9998926481203956,0.6325131458353757,0.5006250668262983,4.999939945528887,0.010582235026049559,1299.9677944361188
280,114,-0.4348630743524894,0.5541885763922927,0.00032898254015696344,0.9999846014176632,0.558223502604956,0.9998926481203956,0.6325131458353757,0.5006250668262983,4.999939945528887,0.010582235026049559,1299.9677944361188
280,115,-0.4348630743524894,0.5541885763922927,0.00032898254015696344,0.9999846014176632,0.558223502604956,0.9998926481203956,0.6325131458353757,0.5006250668262983,4.999939945528887,0.010582235026049559,1299.9677944361188
280,116,-0.4348630743524894,0.5541885763922927,0.00032898254015696344,0.9999846014176632,0.558223502604956,0.9998926481203956,0.6325131458353757,0.5006250668262983,4.999939945528887,0.010582235026049559,1299.9677944361188
280,117,-0.4348630743524894,0.5541885763922927,0.00032898254015696344,0.9999846014176632,0.558223502604956,0.9998926481203956,0.6325131458353757,0.5006250668262983,4.999939945528887,0.010582235026049559,1299.9677944361188
280,118,-0.4348630743524894,0.5541885763922927,0.00032898254015696344,0.9999846014176632,0.558223502604956,0.9998926481203956,0.6325131458353757,0.5006250668262983,4.999939945528887,0.010582235026049559,1299.9677944361188
280,119,-0.4348630743524894,0.5541885763922927,0.00032898254015696344,0.9999846014176632,0.558223502604956,0.9998926481203956,0.6325131458353757,0.5006250668262983,4.999939945528887,0.010582235026049559,1299.9677944361188
280,120,-0.4348630743524894,0.5541885763922927,0.00032898254015696344,0.9999846014176632,0.558223502604956,0.9998926481203956,0.6325131458353757,0.5006250668262983,4.999939945528887,0.010582235026049559,1299.9677944361188
280,121,-0.2556461116212088,0.5259227377245232,0.5,1.0,0.015,1.0,0.6155536426347139,1.45,5.0,0.00515,1300.0
280,122,-0.4348630743524894,0.5541885763922927,0.00032898254015696344,0.9999846014176632,0.558223502604956,0.9998926481203956,0.6325131458353757,0.5006250668262983,4.999939945528887,0.010582235026049559,1299.9677944361188
280,123,-0.4348630743524894,0.5541885763922927,0.00032898254015696344,0.9999846014176632,0.558223502604956,0.9998926481203956,0.6325131458353757,0.5006250668262983,4.999939945528887,0.010582235026049559,1299.9677944361188
280,124,-0.4348630743524894,0.5541885763922927,0.00032898254015696344,0.9999846014176632,0.558223502604956,0.9998926481203956,0.6325131458353757,0.5006250668262983,4.999939945528887,0.010582235026049559,1299.9677944361188
280,125,-0.4348630743524894,0.5541885763922927,0.00032898254015696344,0.9999846014176632,0.558223502604956,0.9998926481203956,0.6325131458353757,0.5006250668262983,4.999939945528887,0.010582235026049559,1299.9677944361188
280,126,-0.4348630743524894,0.5541885763922927,0.00032898254015696344,0.9999846014176632,0.558223502604956,0.9998926481203956,0.6325131458353757,0.5006250668262983,4.999939945528887,0.010582235026049559,1299.9677944361188
280,127,-0.4348630743524894,0.5541885763922927,0.00032898254015696344,0.9999846014176632,0.558223502604956,0.9998926481203956,0.6325131458353757,0.5006250668262983,4.999939945528887,0.010582235026049559,1299.9677944361188
280,128,-0.28377579554937127,0.6248975649331949,0.5,1.0,0.015,1.0,0.674938538959917,1.45,5.0,0.00515,1300.0
280,129,-0.4348630743524894,0.5541885763922927,0.00032898254015696344,0.9999846014176632,0.558223502604956,0.9998926481203956,0.6325131458353757,0.5006250668262983,4.999939945528887,0.010582235026049559,1299.9677944361188
280,130,-0.4348630743524894,0.5541885763922927,0.00032898254015696344,0.9999846014176632,0.558223502604956,0.9998926481203956,0.6325131458353757,0.5006250668262983,4.999939945528887,0.010582235026049559,1299.9677944361188
280,131,-0.4348630743524894,0.5541885763922927,0.00032898254015696344,0.9999846014176632,0.558223502604956,0.9998926481203956,0.6325131458353757,0.5006250668262983,4.999939945528887,0.010582235026049559,1299.9677944361188
280,132,-0.4348630743524894,0.5541885763922927,0.00032898254015696344,0.9999846014176632,0.558223502604956,0.9998926481203956,0.6325131458353757,0.5006250668262983,4.999939945528887,0.010582235026049559,1299.9677944361188
280,133,-0.4348630743524894,0.5541885763922927,0.00032898254015696344,0.9999846014176632,0.558223502604956,0.9998926481203956,0.6325131458353757,0.5006250668262983,4.999939945528887,0.010582235026049559,1299.9677944361188
280,134,-0.4348630743524894,0.5541885763922927,0.00032898254015696344,0.9999846014176632,0.558223502604956,0.9998926481203956,0.6325131458353757,0.5006250668262983,4.999939945528887,0.010582235026049559,1299.9677944361188
280,135,-0.4348630743524894,0.5541885763922927,0.00032898254015696344,0.9999846014176632,0.558223502604956,0.9998926481203956,0.6325131458353757,0.5006250668262983,4.999939945528887,0.010582235026049559,1299.9677944361188
280,136,-0.4348630743524894,0.5541885763922927,0.00032898254015696344,0.9999846014176632,0.558223502604956,0.9998926481203956,0.6325131458353757,0.5006250668262983,4.999939945528887,0.010582235026049559,1299.9677944361188
280,137,-0.4348630743524894,0.5541885763922927,0.00032898254015696344,0.9999846014176632,0.558223502604956,0.9998926481203956,0.6325131458353757,0.5006250668262983,4.999939945528887,0.010582235026049559,1299.9677944361188
280,138,-0.4348630743524894,0.5541885763922927,0.00032898254015696344,0.9999846014176632,0.558223502604956,0.9998926481203956,0.6325131458353757,0.5006250668262983,4.999939945528887,0.010582235026049559,1299.9677944361188
280,139,-0.195627467816332,0.3581135425859783,0.5,1.0,0.015,1.0,0.514868125551587,1.45,5.0,0.00515,1300.0
280,140,-0.4348630743524894,0.5541885763922927,0.00032898254015696344,0.9999846014176632,0.558223502604956,0.9998926481203956,0.6325131458353757,0.5006250668262983,4.999939945528887,0.010582235026049559,1299.9677944361188
280,141,-0.4348630743524894,0.5541885763922927,0.00032898254015696344,0.9999846014176632,0.558223502604956,0.9998926481203956,0.6325131458353757,0.5006250668262983,4.999939945528887,0.010582235026049559,1299.9677944361188
280,142,-0.4348630743524894,0.5541885763922927,0.00032898254015696344,0.9999846014176632,0.558223502604956,0.9998926481203956,0.6325131458353757,0.5006250668262983,4.999939945528887,0.010582235026049559,1299.9677944361188
280,143,-0.4348630743524894,0.5541885763922927,0.00032898254015696344,0.9999846014176632,0.558223502604956,0.9998926481203956,0.6325131458353757,0.5006250668262983,4.999939945528887,0.010582235026049559,1299.9677944361188
280,144,-0.4348630743524894,0.5541885763922927,0.00032898254015696344,0.9999846014176632,0.558223502604956,0.9998926481203956,0.6325131458353757,0.5006250668262983,4.999939945528887,0.010582235026049559,1299.9677944361188
280,145,-0.4348630743524894,0.5541885763922927,0.00032898254015696344,0.9999846014176632,0.558223502604956,0.9998926481203956,0.6325131458353757,0.5006250668262983,4.999939945528887,0.010582235026049559,1299.9677944361188
280,146,-0.4348630743524894,0.5541885763922927,0.00032898254015696344,0.9999846014176632,0.558223502604956,0.9998926481203956,0.6325131458353757,0.5006250668262983,4.999939945528887,0.010582235026049559,1299.9677944361188
280,147,-0.4348630743524894,0.5541885763922927,0.00032898254015696344,0.9999846014176632,0.558223502604956,0.9998926481203956,0.6325131458353757,0.5006250668262983,4.999939945528887,0.010582235026049559,1299.9677944361188
280,148,-0.4348630743524894,0.5541885763922927,0.00032898254015696344,0.9999846014176632,0.558223502604956,0.9998926481203956,0.6325131458353757,0.5006250668262983,4.999939945528887,0.010582235026049559,1299.9677944361188
280,149,-0.4348630743524894,0.5541885763922927,0.00032898254015696344,0.9999846014176632,0.558223502604956,0.9998926481203956,0.6325131458353757,0.5006250668262983,4.999939945528887,0.010582235026049559,1299.9677944361188
280,150,-0.4348630743524894,0.5541885763922927,0.00032898254015696344,0.9999846014176632,0.558223502604956,0.9998926481203956,0.6325131458353757,0.5006250668262983,4.999939945528887,0.010582235026049559,1299.9677944361188
280,151,-0.4348630743524894,0.5541885763922927,0.00032898254015696344,0.9999846014176632,0.558223502604956,0.9998926481203956,0.6325131458353757,0.5006250668262983,4.999939945528887,0.010582235026049559,1299.9677944361188
280,152,-0.4348630743524894,0.5541885763922927,0.00032898254015696344,0.9999846014176632,0.558223502604956,0.9998926481203956,0.6325131458353757,0.5006250668262983,4.999939945528887,0.010582235026049559,1299.9677944361188
280,153,-0.4348630743524894,0.5541885763922927,0.00032898254015696344,0.9999846014176632,0.558223502604956,0.9998926481203956,0.6325131458353757,0.5006250668262983,4.999939945528887,0.010582235026049559,1299.9677944361188
280,154,-0.4348630743524894,0.5541885763922927,0.00032898254015696344,0.9999846014176632,0.558223502604956,0.9998926481203956,0.6325131458353757,0.5006250668262983,4.999939945528887,0.010582235026049559,1299.9677944361188
280,155,-0.4348630743524894,0.5541885763922927,0.00032898254015696344,0.9999846014176632,0.558223502604956,0.9998926481203956,0.6325131458353757,0.5006250668262983,4.999939945528887,0.010582235026049559,1299.9677944361188
280,156,-0.251072940921174,0.5115478436166047,0.5,1.0,0.015,1.0,0.6069287061699629,1.45,5.0,0.00515,1300.0
280,157,-0.4348630743524894,0.5541885763922927,0.00032898254015696344,0.9999846014176632,0.558223502604956,0.9998926481203956,0.6325131458353757,0.5006250668262983,4.999939945528887,0.010582235026049559,1299.9677944361188
280,158,-0.4348630743524894,0.5541885763922927,0.00032898254015696344,0.9999846014176632,0.558223502604956,0.9998926481203956,0.6325131458353757,0.5006250668262983,4.999939945528887,0.010582235026049559,1299.9677944361188
280,159,-0.4348630743524894,0.5541885763922927,0.00032898254015696344,0.9999846014176632,0.558223502604956,0.9998926481203956,0.6325131458353757,0.5006250668262983,4.999939945528887,0.010582235026049559,1299.9677944361188
280,160,-0.4348630743524894,0.5541885763922927,0.00032898254015696344,0.9999846014176632,0.558223502604956,0.9998926481203956,0.6325131458353757,0.5006250668262983,4.999939945528887,0.010582235026049559,1299.9677944361188
280,161,-0.2540176054669052,0.5207609591231724,0.5,1.0,0.015,1.0,0.6124565754739035,1.45,5.0,0.00515,1300.0
280,162,-0.4348630743524894,0.5541885763922927,0.00032898254015696344,0.9999846014176632,0.558223502604956,0.9998926481203956,0.6325131458353757,0.5006250668262983,4.999939945528887,0.010582235026049559,1299.9677944361188
280,163,-0.4348630743524894,0.5541885763922927,0.00032898254015696344,0.9999846014176632,0.558223502604956,0.9998926481203956,0.6325131458353757,0.5006250668262983,4.999939945528887,0.010582235026049559,1299.9677944361188
280,164,-0.4348630743524894,0.5541885763922927,0.00032898254015696344,0.9999846014176632,0.558223502604956,0.9998926481203956,0.6325131458353757,0.5006250668262983,4.999939945528887,0.010582235026049559,1299.9677944361188
280,165,-0.4348630743524894,0.5541885763922927,0.00032898254015696344,0.9999846014176632,0.558223502604956,0.9998926481203956,0.6325131458353757,0.5006250668262983,4.999939945528887,0.010582235026049559,1299.9677944361188
280,166,-0.4348630743524894,0.5541885763922927,0.00032898254015696344,0.9999846014176632,0.558223502604956,0.9998926481203956,0.6325131458353757,0.5006250668262983,4.999939945528887,0.010582235026049559,1299.9677944361188
280,167,-0.4348630743524894,0.5541885763922927,0.00032898254015696344,0.9999846014176632,0.558223502604956,0.9998926481203956,0.6325131458353757,0.5006250668262983,4.999939945528887,0.010582235026049559,1299.9677944361188
280,168,-0.4348630743524894,0.5541885763922927,0.00032898254015696344,0.9999846014176632,0.558223502604956,0.9998926481203956,0.6325131458353757,0.5006250668262983,4.999939945528887,0.010582235026049559,1299.9677944361188
280,169,-0.4348630743524894,0.5541885763922927,0.00032898254015696344,0.9999846014176632,0.558223502604956,0.9998926481203956,0.6325131458353757,0.5006250668262983,4.999939945528887,0.010582235026049559,1299.9677944361188
280,170,-0.4348630743524894,0.5541885763922927,0.00032898254015696344,0.9999846014176632,0.558223502604956,0.9998926481203956,0.6325131458353757,0.5006250668262983,4.999939945528887,0.010582235026049559,1299.9677944361188
280,171,-0.4348630743524894,0.5541885763922927,0.00032898254015696344,0.9999846014176632,0.558223502604956,0.9998926481203956,0.6325131458353757,0.5006250668262983,4.999939945528887,0.010582235026049559,1299.9677944361188
280,172,-0.4348630743524894,0.5541885763922927,0.00032898254015696344,0.9999846014176632,0.558223502604956,0.9998926481203956,0.6325131458353757,0.5006250668262983,4.999939945528887,0.010582235026049559,1299.9677944361188
280,173,-0.4348630743524894,0.5541885763922927,0.00032898254015696344,0.9999846014176632,0.558223502604956,0.9998926481203956,0.6325131458353757,0.5006250668262983,4.999939945528887,0.010582235026049559,1299.9677944361188
280,174,-0.4348630743524894,0.5541885763922927,0.00032898254015696344,0.9999846014176632,0.558223502604956,0.9998926481203956,0.6325131458353757,0.5006250668262983,4.999939945528887,0.010582235026049559,1299.9677944361188
280,175,-0.4348630743524894,0.5541885763922927,0.00032898254015696344,0.9999846014176632,0.558223502604956,0.9998926481203956,0.6325131458353757,0.5006250668262983,4.999939945528887,0.010582235026049559,1299.9677944361188
280,176,-0.4348630743524894,0.5541885763922927,0.00032898254015696344,0.9999846014176632,0.558223502604956,0.9998926481203956,0.6325131458353757,0.5006250668262983,4.999939945528887,0.010582235026049559,1299.9677944361188
280,177,-0.4348630743524894,0.5541885763922927,0.00032898254015696344,0.9999846014176632,0.558223502604956,0.9998926481203956,0.6325131458353757,0.5006250668262983,4.999939945528887,0.010582235026049559,1299.9677944361188
280,178,-0.4348630743524894,0.5541885763922927,0.00032898254015696344,0.9999846014176632,0.558223502604956,0.9998926481203956,0.6325131458353757,0.5006250668262983,4.999939945528887,0.010582235026049559,1299.9677944361188
280,179,-0.4348630743524894,0.5541885763922927,0.00032898254015696344,0.9999846014176632,0.558223502604956,0.9998926481203956,0.6325131458353757,0.5006250668262983,4.999939945528887,0.010582235026049559,1299.9677944361188
280,180,-0.4348630743524894,0.5541885763922927,0.00032898254015696344,0.9999846014176632,0.558223502604956,0.9998926481203956,0.6325131458353757,0.5006250668262983,4.999939945528887,0.010582235026049559,1299.9677944361188
280,181,-0.4348630743524894,0.5541885763922927,0.00032898254015696344,0.9999846014176632,0.558223502604956,0.9998926481203956,0.6325131458353757,0.5006250668262983,4.999939945528887,0.010582235026049559,1299.9677944361188
280,182,-0.4348630743524894,0.5541885763922927,0.00032898254015696344,0.9999846014176632,0.558223502604956,0.9998926481203956,0.6325131458353757,0.5006250668262983,4.999939945528887,0.010582235026049559,1299.9677944361188
280,183,-0.4348630743524894,0.5541885763922927,0.00032898254015696344,0.9999846014176632,0.558223502604956,0.9998926481203956,0.6325131458353757,0.5006250668262983,4.999939945528887,0.010582235026049559,1299.9677944361188
280,184,-0.4348630743524894,0.5541885763922927,0.00032898254015696344,0.9999846014176632,0.558223502604956,0.9998926481203956,0.6325131458353757,0.5006250668262983,4.999939945528887,0.010582235026049559,1299.9677944361188
280,185,-0.4348630743524894,0.5541885763922927,0.00032898254015696344,0.9999846014176632,0.558223502604956,0.9998926481203956,0.6325131458353757,0.5006250668262983,4.999939945528887,0.010582235026049559,1299.9677944361188
280,186,-0.4348630743524894,0.5541885763922927,0.00032898254015696344,0.9999846014176632,0.558223502604956,0.9998926481203956,0.6325131458353757,0.5006250668262983,4.999939945528887,0.010582235026049559,1299.9677944361188
280,187,-0.4348630743524894,0.5541885763922927,0.00032898254015696344,0.9999846014176632,0.558223502604956,0.9998926481203956,0.6325131458353757,0.5006250668262983,4.999939945528887,0.010582235026049559,1299.9677944361188
280,188,-0.4348630743524894,0.5541885763922927,0.00032898254015696344,0.9999846014176632,0.558223502604956,0.9998926481203956,0.6325131458353757,0.5006250668262983,4.999939945528887,0.010582235026049559,1299.9677944361188
280,189,-0.4348630743524894,0.5541885763922927,0.00032898254015696344,0.9999846014176632,0.558223502604956,0.9998926481203956,0.6325131458353757,0.5006250668262983,4.999939945528887,0.010582235026049559,1299.9677944361188
280,190,-0.4348630743524894,0.5541885763922927,0.00032898254015696344,0.9999846014176632,0.558223502604956,0.9998926481203956,0.6325131458353757,0.5006250668262983,4.999939945528887,0.010582235026049559,1299.9677944361188
280,191,-0.4348630743524894,0.5541885763922927,0.00032898254015696344,0.9999846014176632,0.558223502604956,0.9998926481203956,0.6325131458353757,0.5006250668262983,4.999939945528887,0.010582235026049559,1299.9677944361188
280,192,-0.4348630743524894,0.5541885763922927,0.00032898254015696344,0.9999846014176632,0.558223502604956,0.9998926481203956,0.6325131458353757,0.5006250668262983,4.999939945528887,0.010582235026049559,1299.9677944361188
280,193,-0.4348630743524894,0.5541885763922927,0.00032898254015696344,0.9999846014176632,0.558223502604956,0.9998926481203956,0.6325131458353757,0.5006250668262983,4.999939945528887,0.010582235026049559,1299.9677944361188
280,194,-0.4348630743524894,0.5541885763922927,0.00032898254015696344,0.9999846014176632,0.558223502604956,0.9998926481203956,0.6325131458353757,0.5006250668262983,4.999939945528887,0.010582235026049559,1299.9677944361188
280,195,-0.4348630743524894,0.5541885763922927,0.00032898254015696344,0.9999846014176632,0.558223502604956,0.9998926481203956,0.6325131458353757,0.5006250668262983,4.999939945528887,0.010582235026049559,1299.9677944361188
280,196,-0.4348630743524894,0.5541885763922927,0.00032898254015696344,0.9999846014176632,0.558223502604956,0.9998926481203956,0.6325131458353757,0.5006250668262983,4.999939945528887,0.010582235026049559,1299.9677944361188
280,197,-0.4348630743524894,0.5541885763922927,0.00032898254015696344,0.9999846014176632,0.558223502604956,0.9998926481203956,0.6325131458353757,0.5006250668262983,4.999939945528887,0.010582235026049559,1299.9677944361188
280,198,-0.4348630743524894,0.5541885763922927,0.00032898254015696344,0.9999846014176632,0.558223502604956,0.9998926481203956,0.6325131458353757,0.5006250668262983,4.999939945528887,0.010582235026049559,1299.9677944361188
280,199,-0.4348630743524894,0.5541885763922927,0.00032898254015696344,0.9999846014176632,0.558223502604956,0.9998926481203956,0.6325131458353757,0.5006250668262983,4.999939945528887,0.010582235026049559,1299.9677944361188
