iteration,candidate_index,objective,phi_n,u_avg_n,ar_n,lt_1_n,a_0_n,phi,u_avg,ar,lt_1,a_0
325,0,-0.4311077432107347,0.5976090797889058,0.003336100808802425,0.9999163659293521,0.41490932927218005,0.8806423429575365,0.6585654478733435,0.5063385915367246,4.999673827124473,0.009149093292721799,1264.192702887261
325,1,-0.43110774321073464,0.5976090797889062,0.003336100808802425,0.9999163659293521,0.41490932927218,0.8806423429573823,0.6585654478733438,0.5063385915367246,4.999673827124473,0.009149093292721799,1264.1927028872146
325,2,-0.43110774321073464,0.5976090797889061,0.003336100808802425,0.999916365929352,0.41490932927218005,0.8806423429574411,0.6585654478733437,0.5063385915367246,4.9996738271244725,0.009149093292721799,1264.1927028872324
325,3,-0.43110774321073464,0.597609079788906,0.003336100808802425,0.9999163659293522,0.4149093292721801,0.8806423429574011,0.6585654478733436,0.5063385915367246,4.999673827124473,0.0091490932927218,1264.1927028872203
325,4,-0.43110774321073464,0.597609079788906,0.003336100808802425,0.9999163659293522,0.41490932927218005,0.8806423429573873,0.6585654478733436,0.5063385915367246,4.999673827124473,0.009149093292721799,1264.1927028872162
325,5,-0.4311077432107347,0.5976090797889058,0.003336100808802425,0.999916365929352,0.41490932927217994,0.8806423429575365,0.6585654478733435,0.5063385915367246,4.9996738271244725,0.009149093292721799,1264.192702887261
325,6,-0.2602218745781001,0.5406978054486105,0.5,1.0,0.015,1.0,0.6244186832691663,1.45,5.0,0.00515,1300.0
325,7,-0.4311077432107347,0.5976090797889058,0.003336100808802425,0.999916365929352,0.41490932927218005,0.8806423429574748,0.6585654478733435,0.5063385915367246,4.9996738271244725,0.009149093292721799,1264.1927028872424
325,8,-0.43110774321073464,0.5976090797889063,0.003336100808802425,0.999916365929352,0.41490932927218005,0.8806423429574446,0.6585654478733438,0.5063385915367246,4.9996738271244725,0.009149093292721799,1264.1927028872333
325,9,-0.43110774321073464,0.5976090797889059,0.003336100808802425,0.9999163659293522,0.4149093292721803,0.8806423429574106,0.6585654478733436,0.5063385915367246,4.999673827124473,0.009149093292721802,1264.1927028872233
325,10,-0.43110774321073464,0.5976090797889059,0.003336100808802425,0.9999163659293522,0.4149093292721804,0.880642342957439,0.6585654478733436,0.5063385915367246,4.999673827124473,0.009149093292721802,1264.1927028872317
325,11,-0.43110774321073464,0.597609079788906,0.003336100808802425,0.9999163659293521,0.41490932927218016,0.8806423429574177,0.6585654478733436,0.5063385915367246,4.999673827124473,0.009149093292721802,1264.1927028872253
325,12,-0.43110774321073464,0.5976090797889061,0.003336100808802425,0.9999163659293521,0.41490932927217994,0.8806423429574651,0.6585654478733437,0.5063385915367246,4.999673827124473,0.009149093292721799,1264.1927028872396
325,13,-0.43110774321073464,0.5976090797889059,0.003336100808802425,0.9999163659293522,0.41490932927218005,0.880642342957384,0.6585654478733436,0.5063385915367246,4.999673827124473,0.009149093292721799,1264.192702887215
325,14,-0.43110774321073464,0.5976090797889059,0.003336100808802425,0.9999163659293521,0.41490932927218027,0.8806423429574052,0.6585654478733436,0.5063385915367246,4.999673827124473,0.009149093292721802,1264.1927028872215
325,15,-0.43110774321073464,0.5976090797889063,0.003336100808802425,0.9999163659293521,0.41490932927218,0.8806423429573823,0.6585654478733438,0.5063385915367246,4.999673827124473,0.009149093292721799,1264.1927028872146
325,16,-0.43110774321073464,0.5976090797889058,0.003336100808802425,0.9999163659293521,0.41490932927217916,0.8806423429573891,0.6585654478733435,0.5063385915367246,4.999673827124473,0.009149093292721792,1264.1927028872167
325,17,-0.43110774321073464,0.597609079788906,0.003336100808802425,0.9999163659293521,0.4149093292721794,0.8806423429574576,0.6585654478733436,0.5063385915367246,4.999673827124473,0.009149093292721793,1264.1927028872374
325,18,-0.43110774321073464,0.5976090797889058,0.003336100808802425,0.9999163659293521,0.4149093292721795,0.8806423429574081,0.6585654478733435,0.5063385915367246,4.999673827124473,0.009149093292721795,1264.1927028872224
325,19,-0.4311077432107347,0.597609079788906,0.003336100808802425,0.9999163659293521,0.4149093292721803,0.88064234295748,0.6585654478733436,0.5063385915367246,4.999673827124473,0.009149093292721802,1264.192702887244
325,20,-0.43110774321073464,0.5976090797889061,0.003336100808802425,0.9999163659293521,0.4149093292721802,0.8806423429574188,0.6585654478733437,0.5063385915367246,4.999673827124473,0.009149093292721802,1264.1927028872256
325,21,-0.43110774321073464,0.597609079788906,0.003336100808802425,0.9999163659293521,0.41490932927218016,0.8806423429574651,0.6585654478733436,0.5063385915367246,4.999673827124473,0.009149093292721802,1264.1927028872396
325,22,-0.43110774321073464,0.5976090797889062,0.003336100808802425,0.9999163659293521,0.4149093292721803,0.8806423429574216,0.6585654478733438,0.5063385915367246,4.999673827124473,0.009149093292721802,1264.1927028872265
325,23,-0.43110774321073464,0.5976090797889059,0.003336100808802425,0.9999163659293522,0.4149093292721799,0.8806423429574146,0.6585654478733436,0.5063385915367246,4.999673827124473,0.009149093292721799,1264.1927028872244
325,24,-0.43110774321073464,0.597609079788906,0.003336100808802425,0.999916365929352,0.4149093292721803,0.8806423429574075,0.6585654478733436,0.5063385915367246,4.9996738271244725,0.009149093292721802,1264.1927028872224
325,25,-0.43110774321073464,0.5976090797889058,0.003336100808802425,0.999916365929352,0.4149093292721802,0.8806423429574296,0.6585654478733435,0.5063385915367246,4.9996738271244725,0.009149093292721802,1264.192702887229
325,26,-0.43110774321073464,0.597609079788906,0.003336100808802425,0.9999163659293521,0.41490932927218,0.8806423429574441,0.6585654478733436,0.5063385915367246,4.999673827124473,0.009149093292721799,1264.1927028872333
325,27,-0.4311077432107347,0.5976090797889058,0.003336100808802425,0.9999163659293521,0.4149093292721801,0.8806423429575365,0.6585654478733435,0.5063385915367246,4.999673827124473,0.0091490932927218,1264.192702887261
325,28,-0.4311077432107347,0.5976090797889058,0.003336100808802425,0.9999163659293521,0.41490932927218016,0.8806423429574785,0.6585654478733435,0.5063385915367246,4.999673827124473,0.009149093292721802,1264.1927028872435
325,29,-0.2832059703416894,0.6226558232995647,0.5,1.0,0.015,1.0,0.6735934939797389,1.45,5.0,0.00515,1300.0
325,30,-0.31126456766049,0.7549211454673578,0.5,1.0,0.015,1.0,0.7529526872804146,1.45,5.0,0.00515,1300.0
325,31,-0.43110774321073464,0.5976090797889061,0.003336100808802425,0.9999163659293522,0.41490932927218005,0.8806423429573877,0.6585654478733437,0.5063385915367246,4.999673827124473,0.009149093292721799,1264.1927028872165
325,32,-0.308093115441441,0.7367901366800734,0.5,1.0,0.015,1.0,0.742074082008044,1.45,5.0,0.00515,1300.0
325,33,-0.43110774321073464,0.597609079788906,0.003336100808802425,0.9999163659293521,0.41490932927218016,0.8806423429574626,0.6585654478733436,0.5063385915367246,4.999673827124473,0.009149093292721802,1264.1927028872387
325,34,-0.4311077432107347,0.597609079788906,0.003336100808802425,0.9999163659293521,0.4149093292721803,0.8806423429575194,0.6585654478733436,0.5063385915367246,4.999673827124473,0.009149093292721802,1264.1927028872558
325,35,-0.28129933779924,0.615244333808646,0.5,1.0,0.015,1.0,0.6691466002851876,1.45,5.0,0.00515,1300.0
325,36,-0.2970483213167821,0.6812887540705079,0.5,1.0,0.015,1.0,0.7087732524423048,1.45,5.0,0.00515,1300.0
325,37,-0.43110774321073464,0.5976090797889058,0.003336100808802425,0.9999163659293522,0.41490932927218027,0.8806423429574444,0.6585654478733435,0.5063385915367246,4.999673827124473,0.009149093292721802,1264.1927028872333
325,38,-0.4311077432107347,0.5976090797889058,0.003336100808802425,0.9999163659293521,0.41490932927218005,0.8806423429575365,0.6585654478733435,0.5063385915367246,4.999673827124473,0.009149093292721799,1264.192702887261
325,39,-0.43110774321073464,0.5976090797889058,0.003336100808802425,0.9999163659293522,0.4149093292721797,0.880642342957416,0.6585654478733435,0.5063385915367246,4.999673827124473,0.009149093292721797,1264.1927028872249
325,40,-0.43110774321073464,0.597609079788906,0.003336100808802425,0.9999163659293522,0.41490932927218027,0.8806423429573818,0.6585654478733436,0.5063385915367246,4.999673827124473,0.009149093292721802,1264.1927028872146
325,41,-0.43110774321073464,0.5976090797889063,0.003336100808802425,0.9999163659293521,0.41490932927218016,0.8806423429574193,0.6585654478733438,0.5063385915367246,4.999673827124473,0.009149093292721802,1264.1927028872258
325,42,-0.4311077432107347,0.5976090797889061,0.003336100808802425,0.9999163659293521,0.4149093292721802,0.880642342957469,0.6585654478733437,0.5063385915367246,4.999673827124473,0.009149093292721802,1264.1927028872408
325,43,-0.4311077432107347,0.597609079788906,0.003336100808802425,0.9999163659293521,0.41490932927218016,0.8806423429574766,0.6585654478733436,0.5063385915367246,4.999673827124473,0.009149093292721802,1264.1927028872428
325,44,-0.4311077432107347,0.597609079788906,0.003336100808802425,0.9999163659293521,0.41490932927218016,0.8806423429574766,0.6585654478733436,0.5063385915367246,4.999673827124473,0.009149093292721802,1264.1927028872428
325,45,-0.43110774321073464,0.5976090797889063,0.003336100808802425,0.999916365929352,0.4149093292721802,0.8806423429574041,0.6585654478733438,0.5063385915367246,4.9996738271244725,0.009149093292721802,1264.1927028872212
325,46,-0.43110774321073464,0.597609079788906,0.003336100808802425,0.9999163659293521,0.41490932927218027,0.8806423429574083,0.6585654478733436,0.5063385915367246,4.999673827124473,0.009149093292721802,1264.1927028872224
325,47,-0.43110774321073464,0.597609079788906,0.003336100808802425,0.9999163659293521,0.4149093292721799,0.8806423429574138,0.6585654478733436,0.5063385915367246,4.999673827124473,0.009149093292721799,1264.1927028872242
325,48,-0.43110774321073464,0.597609079788906,0.003336100808802425,0.9999163659293522,0.41490932927217977,0.8806423429574057,0.6585654478733436,0.5063385915367246,4.999673827124473,0.009149093292721797,1264.1927028872217
325,49,-0.43110774321073464,0.597609079788906,0.003336100808802425,0.9999163659293521,0.41490932927218005,0.8806423429574344,0.6585654478733436,0.5063385915367246,4.999673827124473,0.009149093292721799,1264.1927028872303
325,50,-0.43110774321073464,0.5976090797889062,0.003336100808802425,0.9999163659293521,0.41490932927218005,0.8806423429574284,0.6585654478733438,0.5063385915367246,4.999673827124473,0.009149093292721799,1264.1927028872285
325,51,-0.257727159584457,0.532591369323114,0.5,1.0,0.015,1.0,0.6195548215938684,1.45,5.0,0.00515,1300.0
325,52,-0.4311077432107347,0.597609079788906,0.003336100808802425,0.9999163659293521,0.41490932927218016,0.8806423429574766,0.6585654478733436,0.5063385915367246,4.999673827124473,0.009149093292721802,1264.1927028872428
325,53,-0.43110774321073464,0.5976090797889059,0.003336100808802425,0.9999163659293521,0.41490932927218027,0.880642342957384,0.6585654478733436,0.5063385915367246,4.999673827124473,0.009149093292721802,1264.192702887215
325,54,-0.43110774321073464,0.5976090797889059,0.003336100808802425,0.9999163659293522,0.41490932927218,0.8806423429574024,0.6585654478733436,0.5063385915367246,4.999673827124473,0.009149093292721799,1264.1927028872208
325,55,-0.43110774321073464,0.5976090797889062,0.003336100808802425,0.9999163659293522,0.41490932927218,0.8806423429574046,0.6585654478733438,0.5063385915367246,4.999673827124473,0.009149093292721799,1264.1927028872215
325,56,-0.4311077432107347,0.5976090797889061,0.003336100808802425,0.9999163659293521,0.4149093292721799,0.8806423429574843,0.6585654478733437,0.5063385915367246,4.999673827124473,0.009149093292721799,1264.1927028872453
325,57,-0.43110774321073464,0.5976090797889063,0.003336100808802425,0.9999163659293522,0.41490932927218005,0.8806423429573802,0.6585654478733438,0.5063385915367246,4.999673827124473,0.009149093292721799,1264.1927028872142
325,58,-0.4311077432107347,0.5976090797889058,0.003336100808802425,0.9999163659293522,0.4149093292721801,0.8806423429575365,0.6585654478733435,0.5063385915367246,4.999673827124473,0.0091490932927218,1264.192702887261
325,59,-0.4311077432107347,0.5976090797889058,0.003336100808802425,0.9999163659293521,0.41490932927218005,0.8806423429574721,0.6585654478733435,0.5063385915367246,4.999673827124473,0.009149093292721799,1264.1927028872417
325,60,-0.43110774321073464,0.5976090797889061,0.003336100808802425,0.9999163659293522,0.4149093292721799,0.8806423429574692,0.6585654478733437,0.5063385915367246,4.999673827124473,0.009149093292721799,1264.1927028872408
325,61,-0.4311077432107347,0.5976090797889059,0.003336100808802425,0.9999163659293521,0.4149093292721801,0.8806423429574892,0.6585654478733436,0.5063385915367246,4.999673827124473,0.0091490932927218,1264.1927028872467
325,62,-0.43110774321073464,0.5976090797889061,0.003336100808802425,0.999916365929352,0.41490932927218016,0.8806423429574309,0.6585654478733437,0.5063385915367246,4.9996738271244725,0.009149093292721802,1264.1927028872292
325,63,-0.4311077432107347,0.5976090797889061,0.003336100808802425,0.999916365929352,0.4149093292721801,0.8806423429574892,0.6585654478733437,0.5063385915367246,4.9996738271244725,0.0091490932927218,1264.1927028872467
325,64,-0.43110774321073464,0.597609079788906,0.003336100808802425,0.9999163659293522,0.4149093292721797,0.8806423429574104,0.6585654478733436,0.5063385915367246,4.999673827124473,0.009149093292721797,1264.192702887223
325,65,-0.43110774321073464,0.597609079788906,0.003336100808802425,0.9999163659293521,0.4149093292721802,0.880642342957412,0.6585654478733436,0.5063385915367246,4.999673827124473,0.009149093292721802,1264.1927028872235
325,66,-0.43110774321073464,0.5976090797889062,0.003336100808802425,0.9999163659293521,0.4149093292721796,0.8806423429573966,0.6585654478733438,0.5063385915367246,4.999673827124473,0.009149093292721795,1264.192702887219
325,67,-0.43110774321073464,0.597609079788906,0.003336100808802425,0.9999163659293521,0.4149093292721802,0.8806423429574082,0.6585654478733436,0.5063385915367246,4.999673827124473,0.009149093292721802,1264.1927028872224
325,68,-0.43110774321073464,0.5976090797889061,0.003336100808802425,0.9999163659293522,0.4149093292721799,0.8806423429574048,0.6585654478733437,0.5063385915367246,4.999673827124473,0.009149093292721799,1264.1927028872215
325,69,-0.27045846417936614,0.5754015205956763,0.5,1.0,0.015,1.0,0.6452409123574059,1.45,5.0,0.00515,1300.0
325,70,-0.4311077432107347,0.5976090797889058,0.003336100808802425,0.9999163659293521,0.41490932927218,0.8806423429574811,0.6585654478733435,0.5063385915367246,4.999673827124473,0.009149093292721799,1264.1927028872442
325,71,-0.4311077432107347,0.5976090797889061,0.003336100808802425,0.9999163659293522,0.41490932927218027,0.8806423429574811,0.6585654478733437,0.5063385915367246,4.999673827124473,0.009149093292721802,1264.1927028872442
325,72,-0.4311077432107347,0.5976090797889061,0.003336100808802425,0.9999163659293522,0.41490932927218027,0.8806423429574811,0.6585654478733437,0.5063385915367246,4.999673827124473,0.009149093292721802,1264.1927028872442
325,73,-0.43110774321073464,0.5976090797889061,0.003336100808802425,0.9999163659293521,0.4149093292721802,0.8806423429574621,0.6585654478733437,0.5063385915367246,4.999673827124473,0.009149093292721802,1264.1927028872387
325,74,-0.43110774321073464,0.5976090797889058,0.003336100808802425,0.9999163659293522,0.41490932927218044,0.8806423429574104,0.6585654478733435,0.5063385915367246,4.999673827124473,0.009149093292721804,1264.192702887223
325,75,-0.43110774321073464,0.5976090797889058,0.003336100808802425,0.9999163659293521,0.4149093292721801,0.8806423429574379,0.6585654478733435,0.5063385915367246,4.999673827124473,0.0091490932927218,1264.1927028872315
325,76,-0.2738943480709502,0.5876426877578701,0.5,1.0,0.015,1.0,0.652585612654722,1.45,5.0,0.00515,1300.0
325,77,-0.43110774321073464,0.597609079788906,0.003336100808802425,0.9999163659293522,0.41490932927217994,0.880642342957405,0.6585654478733436,0.5063385915367246,4.999673827124473,0.009149093292721799,1264.1927028872215
325,78,-0.43110774321073464,0.597609079788906,0.003336100808802425,0.999916365929352,0.41490932927218027,0.8806423429574074,0.6585654478733436,0.5063385915367246,4.9996738271244725,0.009149093292721802,1264.1927028872221
325,79,-0.43110774321073464,0.597609079788906,0.003336100808802425,0.9999163659293521,0.4149093292721799,0.8806423429574017,0.6585654478733436,0.5063385915367246,4.999673827124473,0.009149093292721799,1264.1927028872205
325,80,-0.2718519801418337,0.580326680863925,0.5,1.0,0.015,1.0,0.6481960085183551,1.45,5.0,0.00515,1300.0
325,81,-0.43110774321073464,0.5976090797889058,0.003336100808802425,0.999916365929352,0.4149093292721789,0.8806423429574328,0.6585654478733435,0.5063385915367246,4.9996738271244725,0.009149093292721788,1264.1927028872299
325,82,-0.43110774321073464,0.597609079788906,0.003336100808802425,0.999916365929352,0.4149093292721799,0.8806423429574497,0.6585654478733436,0.5063385915367246,4.9996738271244725,0.009149093292721799,1264.1927028872349
325,83,-0.43110774321073464,0.5976090797889059,0.003336100808802425,0.9999163659293521,0.41490932927218016,0.8806423429574427,0.6585654478733436,0.5063385915367246,4.999673827124473,0.009149093292721802,1264.1927028872328
325,84,-0.4311077432107347,0.597609079788906,0.003336100808802425,0.9999163659293521,0.4149093292721801,0.880642342957476,0.6585654478733436,0.5063385915367246,4.999673827124473,0.0091490932927218,1264.1927028872428
325,85,-0.43110774321073464,0.5976090797889063,0.003336100808802425,0.9999163659293522,0.41490932927218027,0.8806423429574113,0.6585654478733438,0.5063385915367246,4.999673827124473,0.009149093292721802,1264.1927028872233
325,86,-0.43110774321073464,0.5976090797889058,0.003336100808802425,0.9999163659293522,0.41490932927217994,0.8806423429574235,0.6585654478733435,0.5063385915367246,4.999673827124473,0.009149093292721799,1264.192702887227
325,87,-0.43110774321073464,0.5976090797889058,0.003336100808802425,0.9999163659293521,0.41490932927218044,0.8806423429574102,0.6585654478733435,0.5063385915367246,4.999673827124473,0.009149093292721804,1264.192702887223
325,88,-0.43110774321073464,0.5976090797889058,0.003336100808802425,0.999916365929352,0.4149093292721796,0.8806423429574027,0.6585654478733435,0.5063385915367246,4.9996738271244725,0.009149093292721795,1264.1927028872208
325,89,-0.4311077432107347,0.5976090797889058,0.003336100808802425,0.9999163659293521,0.41490932927218016,0.8806423429574843,0.6585654478733435,0.5063385915367246,4.999673827124473,0.009149093292721802,1264.1927028872453
325,90,-0.4311077432107347,0.5976090797889061,0.003336100808802425,0.9999163659293521,0.4149093292721801,0.8806423429575365,0.6585654478733437,0.5063385915367246,4.999673827124473,0.0091490932927218,1264.192702887261
325,91,-0.43110774321073464,0.5976090797889058,0.003336100808802425,0.999916365929352,0.4149093292721798,0.8806423429574602,0.6585654478733435,0.5063385915367246,4.9996738271244725,0.009149093292721799,1264.192702887238
325,92,-0.43110774321073464,0.5976090797889058,0.003336100808802425,0.9999163659293521,0.41490932927218005,0.8806423429574135,0.6585654478733435,0.5063385915367246,4.999673827124473,0.009149093292721799,1264.1927028872242
325,93,-0.43110774321073464,0.597609079788906,0.003336100808802425,0.9999163659293522,0.41490932927217994,0.88064234295742,0.6585654478733436,0.5063385915367246,4.999673827124473,0.009149093292721799,1264.192702887226
325,94,-0.2776370713311803,0.601370980194103,0.5,1.0,0.015,1.0,0.6608225881164618,1.45,5.0,0.00515,1300.0
325,95,-0.4311077432107347,0.5976090797889058,0.003336100808802425,0.9999163659293521,0.41490932927218016,0.8806423429575365,0.6585654478733435,0.5063385915367246,4.999673827124473,0.009149093292721802,1264.192702887261
325,96,-0.43110774321073464,0.5976090797889058,0.003336100808802425,0.9999163659293522,0.41490932927218016,0.8806423429574595,0.6585654478733435,0.5063385915367246,4.999673827124473,0.009149093292721802,1264.1927028872378
325,97,-0.43110774321073464,0.5976090797889062,0.003336100808802425,0.999916365929352,0.4149093292721791,0.8806423429574082,0.6585654478733438,0.5063385915367246,4.9996738271244725,0.009149093292721792,1264.1927028872224
325,98,-0.43110774321073464,0.597609079788906,0.003336100808802425,0.999916365929352,0.41490932927218027,0.8806423429574202,0.6585654478733436,0.5063385915367246,4.9996738271244725,0.009149093292721802,1264.192702887226
325,99,-0.26603094869506694,0.560087991797533,0.5,1.0,0.015,1.0,0.6360527950785198,1.45,5.0,0.00515,1300.0
325,100,-0.43110774321073464,0.5976090797889062,0.003336100808802425,0.999916365929352,0.4149093292721801,0.8806423429574006,0.6585654478733438,0.5063385915367246,4.9996738271244725,0.0091490932927218,1264.19270288722
325,101,-0.43110774321073464,0.597609079788906,0.003336100808802425,0.9999163659293521,0.41490932927218027,0.8806423429574342,0.6585654478733436,0.5063385915367246,4.999673827124473,0.009149093292721802,1264.1927028872303
325,102,-0.43110774321073464,0.5976090797889059,0.003336100808802425,0.9999163659293522,0.41490932927218027,0.8806423429574345,0.6585654478733436,0.5063385915367246,4.999673827124473,0.009149093292721802,1264.1927028872303
325,103,-0.43110774321073464,0.5976090797889059,0.003336100808802425,0.9999163659293522,0.41490932927218027,0.8806423429574335,0.6585654478733436,0.5063385915367246,4.999673827124473,0.009149093292721802,1264.19270288723
325,104,-0.43110774321073464,0.597609079788906,0.003336100808802425,0.9999163659293521,0.4149093292721799,0.8806423429574138,0.6585654478733436,0.5063385915367246,4.999673827124473,0.009149093292721799,1264.1927028872242
325,105,-0.43110774321073464,0.5976090797889062,0.003336100808802425,0.9999163659293521,0.41490932927218005,0.8806423429573877,0.6585654478733438,0.5063385915367246,4.999673827124473,0.009149093292721799,1264.1927028872165
325,106,-0.43110774321073464,0.5976090797889059,0.003336100808802425,0.9999163659293521,0.41490932927218016,0.8806423429574171,0.6585654478733436,0.5063385915367246,4.999673827124473,0.009149093292721802,1264.192702887225
325,107,-0.4311077432107347,0.5976090797889058,0.003336100808802425,0.999916365929352,0.41490932927218005,0.8806423429575365,0.6585654478733435,0.5063385915367246,4.9996738271244725,0.009149093292721799,1264.192702887261
325,108,-0.29520097716127336,0.672886101046192,0.5,1.0,0.015,1.0,0.7037316606277152,1.45,5.0,0.00515,1300.0
325,109,-0.23897702033553403,0.47515256278713636,0.5,1.0,0.015,1.0,0.5850915376722818,1.45,5.0,0.00515,1300.0
325,110,-0.4311077432107347,0.5976090797889062,0.003336100808802425,0.9999163659293522,0.41490932927218016,0.8806423429574843,0.6585654478733438,0.5063385915367246,4.999673827124473,0.009149093292721802,1264.1927028872453
325,111,-0.4311077432107347,0.5976090797889058,0.003336100808802425,0.999916365929352,0.4149093292721803,0.880642342957503,0.6585654478733435,0.5063385915367246,4.9996738271244725,0.009149093292721802,1264.192702887251
325,112,-0.2750757002634103,0.591929628344143,0.5,1.0,0.015,1.0,0.6551577770064858,1.45,5.0,0.00515,1300.0
325,113,-0.4311077432107347,0.5976090797889058,0.003336100808802425,0.9999163659293521,0.41490932927217994,0.8806423429575365,0.6585654478733435,0.5063385915367246,4.999673827124473,0.009149093292721799,1264.192702887261
325,114,-0.43110774321073464,0.5976090797889063,0.003336100808802425,0.9999163659293521,0.41490932927218044,0.8806423429574455,0.6585654478733438,0.5063385915367246,4.999673827124473,0.009149093292721804,1264.1927028872337
325,115,-0.43110774321073464,0.597609079788906,0.003336100808802425,0.9999163659293521,0.41490932927218027,0.8806423429574209,0.6585654478733436,0.5063385915367246,4.999673827124473,0.009149093292721802,1264.1927028872262
325,116,-0.43110774321073464,0.5976090797889059,0.003336100808802425,0.9999163659293522,0.41490932927218027,0.8806423429574302,0.6585654478733436,0.5063385915367246,4.999673827124473,0.009149093292721802,1264.1927028872292
325,117,-0.43110774321073464,0.5976090797889062,0.003336100808802425,0.9999163659293521,0.41490932927218016,0.8806423429574092,0.6585654478733438,0.5063385915367246,4.999673827124473,0.009149093292721802,1264.1927028872228
325,118,-0.43110774321073464,0.5976090797889058,0.003336100808802425,0.9999163659293521,0.41490932927218,0.8806423429574302,0.6585654478733435,0.5063385915367246,4.999673827124473,0.009149093292721799,1264.1927028872292
325,119,-0.43110774321073464,0.5976090797889059,0.003336100808802425,0.9999163659293522,0.41490932927217977,0.8806423429574116,0.6585654478733436,0.5063385915367246,4.999673827124473,0.009149093292721797,1264.1927028872235
325,120,-0.43110774321073464,0.5976090797889062,0.003336100808802425,0.9999163659293521,0.41490932927218005,0.8806423429574056,0.6585654478733438,0.5063385915367246,4.999673827124473,0.009149093292721799,1264.1927028872217
325,121,-0.43110774321073464,0.5976090797889058,0.003336100808802425,0.9999163659293522,0.4149093292721803,0.8806423429574595,0.6585654478733435,0.5063385915367246,4.999673827124473,0.009149093292721802,1264.1927028872378
325,122,-0.30338145298219155,0.7118615797584396,0.5,1.0,0.015,1.0,0.7271169478550639,1.45,5.0,0.00515,1300.0
325,123,-0.43110774321073464,0.5976090797889062,0.003336100808802425,0.9999163659293522,0.4149093292721797,0.8806423429574076,0.6585654478733438,0.5063385915367246,4.999673827124473,0.009149093292721797,1264.1927028872224
325,124,-0.43110774321073464,0.597609079788906,0.003336100808802425,0.9999163659293522,0.4149093292721797,0.8806423429574067,0.6585654478733436,0.5063385915367246,4.999673827124473,0.009149093292721797,1264.192702887222
325,125,-0.4311077432107347,0.5976090797889058,0.003336100808802425,0.9999163659293521,0.41490932927218016,0.88064234295748,0.6585654478733435,0.5063385915367246,4.999673827124473,0.009149093292721802,1264.192702887244
325,126,-0.43110774321073464,0.5976090797889061,0.003336100808802425,0.9999163659293521,0.41490932927218,0.880642342957405,0.6585654478733437,0.5063385915367246,4.999673827124473,0.009149093292721799,1264.1927028872215
325,127,-0.4311077432107347,0.5976090797889058,0.003336100808802425,0.9999163659293521,0.41490932927218005,0.8806423429574879,0.6585654478733435,0.5063385915367246,4.999673827124473,0.009149093292721799,1264.1927028872465
325,128,-0.43110774321073464,0.5976090797889058,0.003336100808802425,0.999916365929352,0.4149093292721796,0.880642342957451,0.6585654478733435,0.5063385915367246,4.9996738271244725,0.009149093292721795,1264.1927028872353
325,129,-0.43110774321073464,0.5976090797889061,0.003336100808802425,0.9999163659293521,0.4149093292721802,0.8806423429574084,0.6585654478733437,0.5063385915367246,4.999673827124473,0.009149093292721802,1264.1927028872226
325,130,-0.2677770354208552,0.5660684788314432,0.5,1.0,0.015,1.0,0.6396410872988659,1.45,5.0,0.00515,1300.0
325,131,-0.4311077432107347,0.597609079788906,0.003336100808802425,0.999916365929352,0.41490932927218016,0.8806423429574706,0.6585654478733436,0.5063385915367246,4.9996738271244725,0.009149093292721802,1264.1927028872412
325,132,-0.43110774321073464,0.5976090797889061,0.003336100808802425,0.9999163659293521,0.4149093292721799,0.880642342957455,0.6585654478733437,0.5063385915367246,4.999673827124473,0.009149093292721799,1264.1927028872365
325,133,-0.43110774321073464,0.5976090797889058,0.003336100808802425,0.999916365929352,0.41490932927218005,0.8806423429574536,0.6585654478733435,0.5063385915367246,4.9996738271244725,0.009149093292721799,1264.192702887236
325,134,-0.4311077432107347,0.5976090797889061,0.003336100808802425,0.999916365929352,0.41490932927218016,0.8806423429574901,0.6585654478733437,0.5063385915367246,4.9996738271244725,0.009149093292721802,1264.192702887247
325,135,-0.43110774321073464,0.5976090797889059,0.003336100808802425,0.999916365929352,0.4149093292721799,0.8806423429574491,0.6585654478733436,0.5063385915367246,4.9996738271244725,0.009149093292721799,1264.1927028872346
325,136,-0.4311077432107347,0.5976090797889061,0.003336100808802425,0.999916365929352,0.4149093292721801,0.8806423429574892,0.6585654478733437,0.5063385915367246,4.9996738271244725,0.0091490932927218,1264.1927028872467
325,137,-0.43110774321073464,0.597609079788906,0.003336100808802425,0.9999163659293521,0.41490932927218016,0.8806423429574082,0.6585654478733436,0.5063385915367246,4.999673827124473,0.009149093292721802,1264.1927028872224
325,138,-0.2898323111118375,0.6495583719723468,0.5,1.0,0.015,1.0,0.6897350231834081,1.45,5.0,0.00515,1300.0
325,139,-0.43110774321073464,0.597609079788906,0.003336100808802425,0.9999163659293521,0.41490932927218027,0.8806423429574104,0.6585654478733436,0.5063385915367246,4.999673827124473,0.009149093292721802,1264.192702887223
325,140,-0.43110774321073464,0.597609079788906,0.003336100808802425,0.9999163659293521,0.41490932927218027,0.8806423429574104,0.6585654478733436,0.5063385915367246,4.999673827124473,0.009149093292721802,1264.192702887223
325,141,-0.43110774321073464,0.597609079788906,0.003336100808802425,0.9999163659293522,0.4149093292721803,0.8806423429574113,0.6585654478733436,0.5063385915367246,4.999673827124473,0.009149093292721802,1264.1927028872233
325,142,-0.43110774321073464,0.597609079788906,0.003336100808802425,0.9999163659293522,0.4149093292721802,0.8806423429574113,0.6585654478733436,0.5063385915367246,4.999673827124473,0.009149093292721802,1264.1927028872233
325,143,-0.43110774321073464,0.5976090797889058,0.003336100808802425,0.9999163659293522,0.41490932927218027,0.8806423429574444,0.6585654478733435,0.5063385915367246,4.999673827124473,0.009149093292721802,1264.1927028872333
325,144,-0.43110774321073464,0.597609079788906,0.003336100808802425,0.999916365929352,0.41490932927218027,0.8806423429574084,0.6585654478733436,0.5063385915367246,4.9996738271244725,0.009149093292721802,1264.1927028872226
325,145,-0.43110774321073464,0.5976090797889062,0.003336100808802425,0.9999163659293521,0.4149093292721803,0.880642342957404,0.6585654478733438,0.5063385915367246,4.999673827124473,0.009149093292721802,1264.1927028872212
325,146,-0.43110774321073464,0.5976090797889062,0.003336100808802425,0.9999163659293521,0.4149093292721802,0.8806423429573988,0.6585654478733438,0.5063385915367246,4.999673827124473,0.009149093292721802,1264.1927028872196
325,147,-0.43110774321073464,0.5976090797889059,0.003336100808802425,0.9999163659293522,0.4149093292721802,0.8806423429574212,0.6585654478733436,0.5063385915367246,4.999673827124473,0.009149093292721802,1264.1927028872265
325,148,-0.2625499281966718,0.548379026403871,0.5,1.0,0.015,1.0,0.6290274158423226,1.45,5.0,0.00515,1300.0
325,149,-0.43110774321073464,0.5976090797889058,0.003336100808802425,0.9999163659293521,0.41490932927218005,0.8806423429574342,0.6585654478733435,0.5063385915367246,4.999673827124473,0.009149093292721799,1264.1927028872303
325,150,-0.43110774321073464,0.5976090797889058,0.003336100808802425,0.9999163659293521,0.4149093292721796,0.880642342957467,0.6585654478733435,0.5063385915367246,4.999673827124473,0.009149093292721795,1264.19270288724
325,151,-0.43110774321073464,0.5976090797889059,0.003336100808802425,0.999916365929352,0.4149093292721804,0.8806423429574375,0.6585654478733436,0.5063385915367246,4.9996738271244725,0.009149093292721802,1264.1927028872312
325,152,-0.43110774321073464,0.5976090797889061,0.003336100808802425,0.9999163659293522,0.4149093292721805,0.8806423429574358,0.6585654478733437,0.5063385915367246,4.999673827124473,0.009149093292721806,1264.1927028872308
325,153,-0.4311077432107347,0.5976090797889058,0.003336100808802425,0.9999163659293521,0.41490932927217994,0.8806423429575365,0.6585654478733435,0.5063385915367246,4.999673827124473,0.009149093292721799,1264.192702887261
325,154,-0.43110774321073464,0.597609079788906,0.003336100808802425,0.9999163659293521,0.41490932927218016,0.8806423429574045,0.6585654478733436,0.5063385915367246,4.999673827124473,0.009149093292721802,1264.1927028872215
325,155,-0.4311077432107347,0.5976090797889061,0.003336100808802425,0.999916365929352,0.4149093292721801,0.8806423429574892,0.6585654478733437,0.5063385915367246,4.9996738271244725,0.0091490932927218,1264.1927028872467
325,156,-0.43110774321073464,0.5976090797889058,0.003336100808802425,0.999916365929352,0.4149093292721796,0.8806423429574025,0.6585654478733435,0.5063385915367246,4.9996738271244725,0.009149093292721795,1264.1927028872208
325,157,-0.43110774321073464,0.5976090797889062,0.003336100808802425,0.9999163659293522,0.4149093292721804,0.8806423429574226,0.6585654478733438,0.5063385915367246,4.999673827124473,0.009149093292721802,1264.192702887227
325,158,-0.43110774321073464,0.5976090797889062,0.003336100808802425,0.9999163659293522,0.41490932927218016,0.8806423429574235,0.6585654478733438,0.5063385915367246,4.999673827124473,0.009149093292721802,1264.192702887227
325,159,-0.43110774321073464,0.597609079788906,0.003336100808802425,0.9999163659293522,0.41490932927217994,0.8806423429574073,0.6585654478733436,0.5063385915367246,4.999673827124473,0.009149093292721799,1264.1927028872221
325,160,-0.43110774321073464,0.5976090797889058,0.003336100808802425,0.9999163659293521,0.41490932927217977,0.8806423429574479,0.6585654478733435,0.5063385915367246,4.999673827124473,0.009149093292721797,1264.1927028872344
325,161,-0.4311077432107347,0.5976090797889058,0.003336100808802425,0.9999163659293521,0.41490932927218005,0.880642342957475,0.6585654478733435,0.5063385915367246,4.999673827124473,0.009149093292721799,1264.1927028872424
325,162,-0.43110774321073464,0.5976090797889061,0.003336100808802425,0.9999163659293521,0.41490932927218027,0.880642342957404,0.6585654478733437,0.5063385915367246,4.999673827124473,0.009149093292721802,1264.1927028872212
325,163,-0.4311077432107347,0.5976090797889058,0.003336100808802425,0.9999163659293521,0.41490932927218005,0.8806423429574988,0.6585654478733435,0.5063385915367246,4.999673827124473,0.009149093292721799,1264.1927028872497
325,164,-0.43110774321073464,0.597609079788906,0.003336100808802425,0.999916365929352,0.4149093292721803,0.8806423429574453,0.6585654478733436,0.5063385915367246,4.9996738271244725,0.009149093292721802,1264.1927028872335
325,165,-0.43110774321073464,0.597609079788906,0.003336100808802425,0.9999163659293521,0.41490932927218016,0.8806423429573944,0.6585654478733436,0.5063385915367246,4.999673827124473,0.009149093292721802,1264.1927028872183
325,166,-0.43110774321073464,0.597609079788906,0.003336100808802425,0.9999163659293522,0.41490932927218005,0.8806423429574008,0.6585654478733436,0.5063385915367246,4.999673827124473,0.009149093292721799,1264.1927028872203
325,167,-0.4311077432107347,0.5976090797889058,0.003336100808802425,0.9999163659293521,0.41490932927218,0.8806423429574981,0.6585654478733435,0.5063385915367246,4.999673827124473,0.009149093292721799,1264.1927028872494
325,168,-0.4311077432107347,0.5976090797889058,0.003336100808802425,0.9999163659293521,0.41490932927218,0.8806423429575365,0.6585654478733435,0.5063385915367246,4.999673827124473,0.009149093292721799,1264.192702887261
325,169,-0.2626331004853437,0.5486556047288934,0.5,1.0,0.015,1.0,0.6291933628373361,1.45,5.0,0.00515,1300.0
325,170,-0.43110774321073464,0.597609079788906,0.003336100808802425,0.999916365929352,0.41490932927218005,0.8806423429574081,0.6585654478733436,0.5063385915367246,4.9996738271244725,0.009149093292721799,1264.1927028872224
325,171,-0.4311077432107347,0.5976090797889061,0.003336100808802425,0.9999163659293522,0.4149093292721802,0.8806423429575013,0.6585654478733437,0.5063385915367246,4.999673827124473,0.009149093292721802,1264.1927028872503
325,172,-0.2707132473420523,0.5762980888843323,0.5,1.0,0.015,1.0,0.6457788533305995,1.45,5.0,0.00515,1300.0
325,173,-0.43110774321073464,0.5976090797889058,0.003336100808802425,0.9999163659293521,0.41490932927217916,0.8806423429573891,0.6585654478733435,0.5063385915367246,4.999673827124473,0.009149093292721792,1264.1927028872167
325,174,-0.43110774321073464,0.5976090797889058,0.003336100808802425,0.999916365929352,0.4149093292721803,0.8806423429574516,0.6585654478733435,0.5063385915367246,4.9996738271244725,0.009149093292721802,1264.1927028872356
325,175,-0.43110774321073464,0.5976090797889058,0.003336100808802425,0.9999163659293522,0.41490932927218027,0.8806423429574444,0.6585654478733435,0.5063385915367246,4.999673827124473,0.009149093292721802,1264.1927028872333
325,176,-0.4311077432107347,0.5976090797889058,0.003336100808802425,0.9999163659293521,0.41490932927218005,0.8806423429575365,0.6585654478733435,0.5063385915367246,4.999673827124473,0.009149093292721799,1264.192702887261
325,177,-0.43110774321073464,0.5976090797889061,0.003336100808802425,0.9999163659293521,0.41490932927218016,0.8806423429574073,0.6585654478733437,0.5063385915367246,4.999673827124473,0.009149093292721802,1264.1927028872221
325,178,-0.43110774321073464,0.597609079788906,0.003336100808802425,0.9999163659293521,0.4149093292721799,0.8806423429574138,0.6585654478733436,0.5063385915367246,4.999673827124473,0.009149093292721799,1264.1927028872242
325,179,-0.43110774321073464,0.597609079788906,0.003336100808802425,0.9999163659293522,0.4149093292721803,0.8806423429574171,0.6585654478733436,0.5063385915367246,4.999673827124473,0.009149093292721802,1264.192702887225
325,180,-0.4311077432107347,0.5976090797889061,0.003336100808802425,0.9999163659293521,0.4149093292721802,0.8806423429574811,0.6585654478733437,0.5063385915367246,4.999673827124473,0.009149093292721802,1264.1927028872442
325,181,-0.4311077432107347,0.5976090797889061,0.003336100808802425,0.9999163659293521,0.4149093292721802,0.8806423429574811,0.6585654478733437,0.5063385915367246,4.999673827124473,0.009149093292721802,1264.1927028872442
325,182,-0.4311077432107347,0.5976090797889058,0.003336100808802425,0.9999163659293521,0.41490932927218005,0.8806423429575365,0.6585654478733435,0.5063385915367246,4.999673827124473,0.009149093292721799,1264.192702887261
325,183,-0.43110774321073464,0.5976090797889059,0.003336100808802425,0.9999163659293521,0.4149093292721802,0.8806423429574427,0.6585654478733436,0.5063385915367246,4.999673827124473,0.009149093292721802,1264.1927028872328
325,184,-0.4311077432107347,0.5976090797889061,0.003336100808802425,0.999916365929352,0.4149093292721801,0.8806423429574892,0.6585654478733437,0.5063385915367246,4.9996738271244725,0.0091490932927218,1264.1927028872467
325,185,-0.43110774321073464,0.597609079788906,0.003336100808802425,0.9999163659293521,0.41490932927218027,0.8806423429574064,0.6585654478733436,0.5063385915367246,4.999673827124473,0.009149093292721802,1264.192702887222
325,186,-0.43110774321073464,0.5976090797889061,0.003336100808802425,0.999916365929352,0.4149093292721803,0.8806423429574054,0.6585654478733437,0.5063385915367246,4.9996738271244725,0.009149093292721802,1264.1927028872217
325,187,-0.4311077432107347,0.5976090797889061,0.003336100808802425,0.9999163659293521,0.4149093292721802,0.8806423429574843,0.6585654478733437,0.5063385915367246,4.999673827124473,0.009149093292721802,1264.1927028872453
325,188,-0.43110774321073464,0.597609079788906,0.003336100808802425,0.9999163659293522,0.41490932927217977,0.8806423429574051,0.6585654478733436,0.5063385915367246,4.999673827124473,0.009149093292721797,1264.1927028872215
325,189,-0.43110774321073464,0.597609079788906,0.003336100808802425,0.9999163659293521,0.4149093292721802,0.8806423429574045,0.6585654478733436,0.5063385915367246,4.999673827124473,0.009149093292721802,1264.1927028872215
325,190,-0.43110774321073464,0.5976090797889062,0.003336100808802425,0.9999163659293522,0.41490932927218016,0.8806423429574428,0.6585654478733438,0.5063385915367246,4.999673827124473,0.009149093292721802,1264.1927028872328
325,191,-0.43110774321073464,0.5976090797889058,0.003336100808802425,0.9999163659293522,0.4149093292721804,0.8806423429573936,0.6585654478733435,0.5063385915367246,4.999673827124473,0.009149093292721802,1264.192702887218
325,192,-0.4311077432107347,0.5976090797889058,0.003336100808802425,0.9999163659293521,0.41490932927218016,0.8806423429574785,0.6585654478733435,0.5063385915367246,4.999673827124473,0.009149093292721802,1264.1927028872435
325,193,-0.4311077432107347,0.5976090797889058,0.003336100808802425,0.9999163659293521,0.41490932927218005,0.8806423429574838,0.6585654478733435,0.5063385915367246,4.999673827124473,0.009149093292721799,1264.192702887245
325,194,-0.4311077432107347,0.597609079788906,0.003336100808802425,0.9999163659293521,0.41490932927218016,0.8806423429575293,0.6585654478733436,0.5063385915367246,4.999673827124473,0.009149093292721802,1264.1927028872587
325,195,-0.23850243645125732,0.47376734270316057,0.5,1.0,0.015,1.0,0.5842604056218963,1.45,5.0,0.00515,1300.0
325,196,-0.43110774321073464,0.5976090797889059,0.003336100808802425,0.9999163659293521,0.4149093292721803,0.8806423429574052,0.6585654478733436,0.5063385915367246,4.999673827124473,0.009149093292721802,1264.1927028872215
325,197,-0.4311077432107347,0.5976090797889058,0.003336100808802425,0.999916365929352,0.41490932927218005,0.8806423429574746,0.6585654478733435,0.5063385915367246,4.9996738271244725,0.009149093292721799,1264.1927028872424
325,198,-0.25062352386451725,0.51015488497081,0.5,1.0,0.015,1.0,0.6060929309824861,1.45,5.0,0.00515,1300.0
325,199,-0.43110774321073464,0.597609079788906,0.003336100808802425,0.9999163659293522,0.4149093292721799,0.8806423429574048,0.6585654478733436,0.5063385915367246,4.999673827124473,0.009149093292721799,1264.1927028872215
