iteration,candidate_index,objective,phi_n,u_avg_n,ar_n,lt_1_n,a_0_n,phi,u_avg,ar,lt_1,a_0
386,0,-0.41526859866974747,0.597642299364036,0.035608149096255357,0.9989263489797768,0.4239839637268058,0.9891205791496278,0.6585853796184217,0.5676554832828852,4.99581276102113,0.009239839637268057,1296.7361737448882
386,1,-0.41526859866974747,0.597642299364036,0.035608149096255357,0.9989263489797768,0.4239839637268058,0.9891205791496278,0.6585853796184217,0.5676554832828852,4.99581276102113,0.009239839637268057,1296.7361737448882
386,2,-0.41526859866974747,0.597642299364036,0.035608149096255357,0.9989263489797768,0.4239839637268058,0.9891205791496278,0.6585853796184217,0.5676554832828852,4.99581276102113,0.009239839637268057,1296.7361737448882
386,3,-0.29288555485304135,0.6626367293065021,0.5,1.0,0.015,1.0,0.6975820375839012,1.45,5.0,0.00515,1300.0
386,4,-0.25662845708513937,0.5290602960173701,0.5,1.0,0.015,1.0,0.6174361776104221,1.45,5.0,0.00515,1300.0
386,5,-0.41526859866974747,0.597642299364036,0.035608149096255357,0.9989263489797768,0.4239839637268058,0.9891205791496278,0.6585853796184217,0.5676554832828852,4.99581276102113,0.009239839637268057,1296.7361737448882
386,6,-0.41526859866974747,0.597642299364036,0.035608149096255357,0.9989263489797768,0.4239839637268058,0.9891205791496278,0.6585853796184217,0.5676554832828852,4.99581276102113,0.009239839637268057,1296.7361737448882
386,7,-0.41526859866974747,0.597642299364036,0.035608149096255357,0.9989263489797768,0.4239839637268058,0.9891205791496278,0.6585853796184217,0.5676554832828852,4.99581276102113,0.009239839637268057,1296.7361737448882
386,8,-0.41526859866974747,0.597642299364036,0.035608149096255357,0.9989263489797768,0.4239839637268058,0.9891205791496278,0.6585853796184217,0.5676554832828852,4.99581276102113,0.009239839637268057,1296.7361737448882
386,9,-0.41526859866974747,0.597642299364036,0.035608149096255357,0.9989263489797768,0.4239839637268058,0.9891205791496278,0.6585853796184217,0.5676554832828852,4.99581276102113,0.009239839637268057,1296.7361737448882
386,10,-0.41526859866974747,0.597642299364036,0.035608149096255357,0.9989263489797768,0.4239839637268058,0.9891205791496278,0.6585853796184217,0.5676554832828852,4.99581276102113,0.009239839637268057,1296.7361737448882
386,11,-0.41526859866974747,0.597642299364036,0.035608149096255357,0.9989263489797768,0.4239839637268058,0.9891205791496278,0.6585853796184217,0.5676554832828852,4.99581276102113,0.009239839637268057,1296.7361737448882
386,12,-0.41526859866974747,0.597642299364036,0.035608149096255357,0.9989263489797768,0.4239839637268058,0.9891205791496278,0.6585853796184217,0.5676554832828852,4.99581276102113,0.009239839637268057,1296.7361737448882
386,13,-0.41526859866974747,0.597642299364036,0.035608149096255357,0.9989263489797768,0.4239839637268058,0.9891205791496278,0.6585853796184217,0.5676554832828852,4.99581276102113,0.009239839637268057,1296.7361737448882
386,14,-0.41526859866974747,0.597642299364036,0.035608149096255357,0.9989263489797768,0.4239839637268058,0.9891205791496278,0.6585853796184217,0.5676554832828852,4.99581276102113,0.009239839637268057,1296.7361737448882
386,15,-0.41526859866974747,0.597642299364036,0.035608149096255357,0.9989263489797768,0.4239839637268058,0.9891205791496278,0.6585853796184217,0.5676554832828852,4.99581276102113,0.009239839637268057,1296.7361737448882
386,16,-0.41526859866974747,0.597642299364036,0.035608149096255357,0.9989263489797768,0.4239839637268058,0.9891205791496278,0.6585853796184217,0.5676554832828852,4.99581276102113,0.009239839637268057,1296.7361737448882
386,17,-0.41526859866974747,0.597642299364036,0.035608149096255357,0.9989263489797768,0.4239839637268058,0.9891205791496278,0.6585853796184217,0.5676554832828852,4.99581276102113,0.009239839637268057,1296.7361737448882
386,18,-0.41526859866974747,0.597642299364036,0.035608149096255357,0.9989263489797768,0.4239839637268058,0.9891205791496278,0.6585853796184217,0.5676554832828852,4.99581276102113,0.009239839637268057,1296.7361737448882
386,19,-0.41526859866974747,0.597642299364036,0.035608149096255357,0.9989263489797768,0.4239839637268058,0.9891205791496278,0.6585853796184217,0.5676554832828852,4.99581276102113,0.009239839637268057,1296.7361737448882
386,20,-0.41526859866974747,0.597642299364036,0.035608149096255357,0.9989263489797768,0.4239839637268058,0.9891205791496278,0.6585853796184217,0.5676554832828852,4.99581276102113,0.009239839637268057,1296.7361737448882
386,21,-0.41526859866974747,0.597642299364036,0.035608149096255357,0.9989263489797768,0.4239839637268058,0.9891205791496278,0.6585853796184217,0.5676554832828852,4.99581276102113,0.009239839637268057,1296.7361737448882
386,22,-0.41526859866974747,0.597642299364036,0.035608149096255357,0.9989263489797768,0.4239839637268058,0.9891205791496278,0.6585853796184217,0.5676554832828852,4.99581276102113,0.009239839637268057,1296.7361737448882
386,23,-0.41526859866974747,0.597642299364036,0.035608149096255357,0.9989263489797768,0.4239839637268058,0.9891205791496278,0.6585853796184217,0.5676554832828852,4.99581276102113,0.009239839637268057,1296.7361737448882
386,24,-0.41526859866974747,0.597642299364036,0.035608149096255357,0.9989263489797768,0.4239839637268058,0.9891205791496278,0.6585853796184217,0.5676554832828852,4.99581276102113,0.009239839637268057,1296.7361737448882
386,25,-0.41526859866974747,0.597642299364036,0.035608149096255357,0.9989263489797768,0.4239839637268058,0.9891205791496278,0.6585853796184217,0.5676554832828852,4.99581276102113,0.009239839637268057,1296.7361737448882
386,26,-0.41526859866974747,0.597642299364036,0.035608149096255357,0.9989263489797768,0.4239839637268058,0.9891205791496278,0.6585853796184217,0.5676554832828852,4.99581276102113,0.009239839637268057,1296.7361737448882
386,27,-0.41526859866974747,0.597642299364036,0.035608149096255357,0.9989263489797768,0.4239839637268058,0.9891205791496278,0.6585853796184217,0.5676554832828852,4.99581276102113,0.009239839637268057,1296.7361737448882
386,28,-0.41526859866974747,0.597642299364036,0.035608149096255357,0.9989263489797768,0.4239839637268058,0.9891205791496278,0.6585853796184217,0.5676554832828852,4.99581276102113,0.009239839637268057,1296.7361737448882
386,29,-0.41526859866974747,0.597642299364036,0.035608149096255357,0.9989263489797768,0.4239839637268058,0.9891205791496278,0.6585853796184217,0.5676554832828852,4.99581276102113,0.009239839637268057,1296.7361737448882
386,30,-0.41526859866974747,0.597642299364036,0.035608149096255357,0.9989263489797768,0.4239839637268058,0.9891205791496278,0.6585853796184217,0.5676554832828852,4.99581276102113,0.009239839637268057,1296.7361737448882
386,31,-0.41526859866974747,0.597642299364036,0.035608149096255357,0.9989263489797768,0.4239839637268058,0.9891205791496278,0.6585853796184217,0.5676554832828852,4.99581276102113,0.009239839637268057,1296.7361737448882
386,32,-0.41526859866974747,0.597642299364036,0.035608149096255357,0.9989263489797768,0.4239839637268058,0.9891205791496278,0.6585853796184217,0.5676554832828852,4.99581276102113,0.009239839637268057,1296.7361737448882
386,33,-0.41526859866974747,0.597642299364036,0.035608149096255357,0.9989263489797768,0.4239839637268058,0.9891205791496278,0.6585853796184217,0.5676554832828852,4.99581276102113,0.009239839637268057,1296.7361737448882
386,34,-0.41526859866974747,0.597642299364036,0.035608149096255357,0.9989263489797768,0.4239839637268058,0.9891205791496278,0.6585853796184217,0.5676554832828852,4.99581276102113,0.009239839637268057,1296.7361737448882
386,35,-0.41526859866974747,0.597642299364036,0.035608149096255357,0.9989263489797768,0.4239839637268058,0.9891205791496278,0.6585853796184217,0.5676554832828852,4.99581276102113,0.009239839637268057,1296.7361737448882
386,36,-0.41526859866974747,0.597642299364036,0.035608149096255357,0.9989263489797768,0.4239839637268058,0.9891205791496278,0.6585853796184217,0.5676554832828852,4.99581276102113,0.009239839637268057,1296.7361737448882
386,37,-0.41526859866974747,0.597642299364036,0.035608149096255357,0.9989263489797768,0.4239839637268058,0.9891205791496278,0.6585853796184217,0.5676554832828852,4.99581276102113,0.009239839637268057,1296.7361737448882
386,38,-0.41526859866974747,0.597642299364036,0.035608149096255357,0.9989263489797768,0.4239839637268058,0.9891205791496278,0.6585853796184217,0.5676554832828852,4.99581276102113,0.009239839637268057,1296.7361737448882
386,39,-0.41526859866974747,0.597642299364036,0.035608149096255357,0.9989263489797768,0.4239839637268058,0.9891205791496278,0.6585853796184217,0.5676554832828852,4.99581276102113,0.009239839637268057,1296.7361737448882
386,40,-0.41526859866974747,0.597642299364036,0.035608149096255357,0.9989263489797768,0.4239839637268058,0.9891205791496278,0.6585853796184217,0.5676554832828852,4.99581276102113,0.009239839637268057,1296.7361737448882
386,41,-0.41526859866974747,0.597642299364036,0.035608149096255357,0.9989263489797768,0.4239839637268058,0.9891205791496278,0.6585853796184217,0.5676554832828852,4.99581276102113,0.009239839637268057,1296.7361737448882
386,42,-0.41526859866974747,0.597642299364036,0.035608149096255357,0.9989263489797768,0.4239839637268058,0.9891205791496278,0.6585853796184217,0.5676554832828852,4.99581276102113,0.009239839637268057,1296.7361737448882
386,43,-0.41526859866974747,0.597642299364036,0.035608149096255357,0.9989263489797768,0.4239839637268058,0.9891205791496278,0.6585853796184217,0.5676554832828852,4.99581276102113,0.009239839637268057,1296.7361737448882
386,44,-0.41526859866974747,0.597642299364036,0.035608149096255357,0.9989263489797768,0.4239839637268058,0.9891205791496278,0.6585853796184217,0.5676554832828852,4.99581276102113,0.009239839637268057,1296.7361737448882
386,45,-0.2956596797526075,0.6749531482603703,0.5,1.0,0.015,1.0,0.7049718889562222,1.45,5.0,0.00515,1300.0
386,46,-0.41526859866974747,0.597642299364036,0.035608149096255357,0.9989263489797768,0.4239839637268058,0.9891205791496278,0.6585853796184217,0.5676554832828852,4.99581276102113,0.009239839637268057,1296.7361737448882
386,47,-0.41526859866974747,0.597642299364036,0.035608149096255357,0.9989263489797768,0.4239839637268058,0.9891205791496278,0.6585853796184217,0.5676554832828852,4.99581276102113,0.009239839637268057,1296.7361737448882
386,48,-0.41526859866974747,0.597642299364036,0.035608149096255357,0.9989263489797768,0.4239839637268058,0.9891205791496278,0.6585853796184217,0.5676554832828852,4.99581276102113,0.009239839637268057,1296.7361737448882
386,49,-0.41526859866974747,0.597642299364036,0.035608149096255357,0.9989263489797768,0.4239839637268058,0.9891205791496278,0.6585853796184217,0.5676554832828852,4.99581276102113,0.009239839637268057,1296.7361737448882
386,50,-0.41526859866974747,0.597642299364036,0.035608149096255357,0.9989263489797768,0.4239839637268058,0.9891205791496278,0.6585853796184217,0.5676554832828852,4.99581276102113,0.009239839637268057,1296.7361737448882
386,51,-0.2826689429253396,0.6205545225640016,0.5,1.0,0.015,1.0,0.672332713538401,1.45,5.0,0.00515,1300.0
386,52,-0.41526859866974747,0.597642299364036,0.035608149096255357,0.9989263489797768,0.4239839637268058,0.9891205791496278,0.6585853796184217,0.5676554832828852,4.99581276102113,0.009239839637268057,1296.7361737448882
386,53,-0.41526859866974747,0.597642299364036,0.035608149096255357,0.9989263489797768,0.4239839637268058,0.9891205791496278,0.6585853796184217,0.5676554832828852,4.99581276102113,0.009239839637268057,1296.7361737448882
386,54,-0.41526859866974747,0.597642299364036,0.035608149096255357,0.9989263489797768,0.4239839637268058,0.9891205791496278,0.6585853796184217,0.5676554832828852,4.99581276102113,0.009239839637268057,1296.7361737448882
386,55,-0.41526859866974747,0.597642299364036,0.035608149096255357,0.9989263489797768,0.4239839637268058,0.9891205791496278,0.6585853796184217,0.5676554832828852,4.99581276102113,0.009239839637268057,1296.7361737448882
386,56,-0.41526859866974747,0.597642299364036,0.035608149096255357,0.9989263489797768,0.4239839637268058,0.9891205791496278,0.6585853796184217,0.5676554832828852,4.99581276102113,0.009239839637268057,1296.7361737448882
386,57,-0.41526859866974747,0.597642299364036,0.035608149096255357,0.9989263489797768,0.4239839637268058,0.9891205791496278,0.6585853796184217,0.5676554832828852,4.99581276102113,0.009239839637268057,1296.7361737448882
386,58,-0.41526859866974747,0.597642299364036,0.035608149096255357,0.9989263489797768,0.4239839637268058,0.9891205791496278,0.6585853796184217,0.5676554832828852,4.99581276102113,0.009239839637268057,1296.7361737448882
386,59,-0.41526859866974747,0.597642299364036,0.035608149096255357,0.9989263489797768,0.4239839637268058,0.9891205791496278,0.6585853796184217,0.5676554832828852,4.99581276102113,0.009239839637268057,1296.7361737448882
386,60,-0.41526859866974747,0.597642299364036,0.035608149096255357,0.9989263489797768,0.4239839637268058,0.9891205791496278,0.6585853796184217,0.5676554832828852,4.99581276102113,0.009239839637268057,1296.7361737448882
386,61,-0.41526859866974747,0.597642299364036,0.035608149096255357,0.9989263489797768,0.4239839637268058,0.9891205791496278,0.6585853796184217,0.5676554832828852,4.99581276102113,0.009239839637268057,1296.7361737448882
386,62,-0.41526859866974747,0.597642299364036,0.035608149096255357,0.9989263489797768,0.4239839637268058,0.9891205791496278,0.6585853796184217,0.5676554832828852,4.99581276102113,0.009239839637268057,1296.7361737448882
386,63,-0.29431297521279404,0.6689195249987946,0.5,1.0,0.015,1.0,0.7013517149992767,1.45,5.0,0.00515,1300.0
386,64,-0.41526859866974747,0.597642299364036,0.035608149096255357,0.9989263489797768,0.4239839637268058,0.9891205791496278,0.6585853796184217,0.5676554832828852,4.99581276102113,0.009239839637268057,1296.7361737448882
386,65,-0.41526859866974747,0.597642299364036,0.035608149096255357,0.9989263489797768,0.4239839637268058,0.9891205791496278,0.6585853796184217,0.5676554832828852,4.99581276102113,0.009239839637268057,1296.7361737448882
386,66,-0.41526859866974747,0.597642299364036,0.035608149096255357,0.9989263489797768,0.4239839637268058,0.9891205791496278,0.6585853796184217,0.5676554832828852,4.99581276102113,0.009239839637268057,1296.7361737448882
386,67,-0.41526859866974747,0.597642299364036,0.035608149096255357,0.9989263489797768,0.4239839637268058,0.9891205791496278,0.6585853796184217,0.5676554832828852,4.99581276102113,0.009239839637268057,1296.7361737448882
386,68,-0.41526859866974747,0.597642299364036,0.035608149096255357,0.9989263489797768,0.4239839637268058,0.9891205791496278,0.6585853796184217,0.5676554832828852,4.99581276102113,0.009239839637268057,1296.7361737448882
386,69,-0.41526859866974747,0.597642299364036,0.035608149096255357,0.9989263489797768,0.4239839637268058,0.9891205791496278,0.6585853796184217,0.5676554832828852,4.99581276102113,0.009239839637268057,1296.7361737448882
386,70,-0.41526859866974747,0.597642299364036,0.035608149096255357,0.9989263489797768,0.4239839637268058,0.9891205791496278,0.6585853796184217,0.5676554832828852,4.99581276102113,0.009239839637268057,1296.7361737448882
386,71,-0.41526859866974747,0.597642299364036,0.035608149096255357,0.9989263489797768,0.4239839637268058,0.9891205791496278,0.6585853796184217,0.5676554832828852,4.99581276102113,0.009239839637268057,1296.7361737448882
386,72,-0.41526859866974747,0.597642299364036,0.035608149096255357,0.9989263489797768,0.4239839637268058,0.9891205791496278,0.6585853796184217,0.5676554832828852,4.99581276102113,0.009239839637268057,1296.7361737448882
386,73,-0.41526859866974747,0.597642299364036,0.035608149096255357,0.9989263489797768,0.4239839637268058,0.9891205791496278,0.6585853796184217,0.5676554832828852,4.99581276102113,0.009239839637268057,1296.7361737448882
386,74,-0.41526859866974747,0.597642299364036,0.035608149096255357,0.9989263489797768,0.4239839637268058,0.9891205791496278,0.6585853796184217,0.5676554832828852,4.99581276102113,0.009239839637268057,1296.7361737448882
386,75,-0.41526859866974747,0.597642299364036,0.035608149096255357,0.9989263489797768,0.4239839637268058,0.9891205791496278,0.6585853796184217,0.5676554832828852,4.99581276102113,0.009239839637268057,1296.7361737448882
386,76,-0.41526859866974747,0.597642299364036,0.035608149096255357,0.9989263489797768,0.4239839637268058,0.9891205791496278,0.6585853796184217,0.5676554832828852,4.99581276102113,0.009239839637268057,1296.7361737448882
386,77,-0.25786834294860017,0.5330468153932343,0.5,1.0,0.015,1.0,0.6198280892359407,1.45,5.0,0.00515,1300.0
386,78,-0.41526859866974747,0.597642299364036,0.035608149096255357,0.9989263489797768,0.4239839637268058,0.9891205791496278,0.6585853796184217,0.5676554832828852,4.99581276102113,0.009239839637268057,1296.7361737448882
386,79,-0.41526859866974747,0.597642299364036,0.035608149096255357,0.9989263489797768,0.4239839637268058,0.9891205791496278,0.6585853796184217,0.5676554832828852,4.99581276102113,0.009239839637268057,1296.7361737448882
386,80,-0.41526859866974747,0.597642299364036,0.035608149096255357,0.9989263489797768,0.4239839637268058,0.9891205791496278,0.6585853796184217,0.5676554832828852,4.99581276102113,0.009239839637268057,1296.7361737448882
386,81,-0.41526859866974747,0.597642299364036,0.035608149096255357,0.9989263489797768,0.4239839637268058,0.9891205791496278,0.6585853796184217,0.5676554832828852,4.99581276102113,0.009239839637268057,1296.7361737448882
386,82,-0.41526859866974747,0.597642299364036,0.035608149096255357,0.9989263489797768,0.4239839637268058,0.9891205791496278,0.6585853796184217,0.5676554832828852,4.99581276102113,0.009239839637268057,1296.7361737448882
386,83,-0.41526859866974747,0.597642299364036,0.035608149096255357,0.9989263489797768,0.4239839637268058,0.9891205791496278,0.6585853796184217,0.5676554832828852,4.99581276102113,0.009239839637268057,1296.7361737448882
386,84,-0.41526859866974747,0.597642299364036,0.035608149096255357,0.9989263489797768,0.4239839637268058,0.9891205791496278,0.6585853796184217,0.5676554832828852,4.99581276102113,0.009239839637268057,1296.7361737448882
386,85,-0.41526859866974747,0.597642299364036,0.035608149096255357,0.9989263489797768,0.4239839637268058,0.9891205791496278,0.6585853796184217,0.5676554832828852,4.99581276102113,0.009239839637268057,1296.7361737448882
386,86,-0.41526859866974747,0.597642299364036,0.035608149096255357,0.9989263489797768,0.4239839637268058,0.9891205791496278,0.6585853796184217,0.5676554832828852,4.99581276102113,0.009239839637268057,1296.7361737448882
386,87,-0.41526859866974747,0.597642299364036,0.035608149096255357,0.9989263489797768,0.4239839637268058,0.9891205791496278,0.6585853796184217,0.5676554832828852,4.99581276102113,0.009239839637268057,1296.7361737448882
386,88,-0.41526859866974747,0.597642299364036,0.035608149096255357,0.9989263489797768,0.4239839637268058,0.9891205791496278,0.6585853796184217,0.5676554832828852,4.99581276102113,0.009239839637268057,1296.7361737448882
386,89,-0.41526859866974747,0.597642299364036,0.035608149096255357,0.9989263489797768,0.4239839637268058,0.9891205791496278,0.6585853796184217,0.5676554832828852,4.99581276102113,0.009239839637268057,1296.7361737448882
386,90,-0.41526859866974747,0.597642299364036,0.035608149096255357,0.9989263489797768,0.4239839637268058,0.9891205791496278,0.6585853796184217,0.5676554832828852,4.99581276102113,0.009239839637268057,1296.7361737448882
386,91,-0.41526859866974747,0.597642299364036,0.035608149096255357,0.9989263489797768,0.4239839637268058,0.9891205791496278,0.6585853796184217,0.5676554832828852,4.99581276102113,0.009239839637268057,1296.7361737448882
386,92,-0.41526859866974747,0.597642299364036,0.035608149096255357,0.9989263489797768,0.4239839637268058,0.9891205791496278,0.6585853796184217,0.5676554832828852,4.99581276102113,0.009239839637268057,1296.7361737448882
386,93,-0.41526859866974747,0.597642299364036,0.035608149096255357,0.9989263489797768,0.4239839637268058,0.9891205791496278,0.6585853796184217,0.5676554832828852,4.99581276102113,0.009239839637268057,1296.7361737448882
386,94,-0.23622093766266988,0.4671488496710331,0.5,1.0,0.015,1.0,0.5802893098026198,1.45,5.0,0.00515,1300.0
386,95,-0.41526859866974747,0.597642299364036,0.035608149096255357,0.9989263489797768,0.4239839637268058,0.9891205791496278,0.6585853796184217,0.5676554832828852,4.99581276102113,0.009239839637268057,1296.7361737448882
386,96,-0.31494677374339164,0.7777139238817647,0.5,1.0,0.015,1.0,0.7666283543290588,1.45,5.0,0.00515,1300.0
386,97,-0.41526859866974747,0.597642299364036,0.035608149096255357,0.9989263489797768,0.4239839637268058,0.9891205791496278,0.6585853796184217,0.5676554832828852,4.99581276102113,0.009239839637268057,1296.7361737448882
386,98,-0.41526859866974747,0.597642299364036,0.035608149096255357,0.9989263489797768,0.4239839637268058,0.9891205791496278,0.6585853796184217,0.5676554832828852,4.99581276102113,0.009239839637268057,1296.7361737448882
386,99,-0.41526859866974747,0.597642299364036,0.035608149096255357,0.9989263489797768,0.4239839637268058,0.9891205791496278,0.6585853796184217,0.5676554832828852,4.99581276102113,0.009239839637268057,1296.7361737448882
386,100,-0.41526859866974747,0.597642299364036,0.035608149096255357,0.9989263489797768,0.4239839637268058,0.9891205791496278,0.6585853796184217,0.5676554832828852,4.99581276102113,0.009239839637268057,1296.7361737448882
386,101,-0.41526859866974747,0.597642299364036,0.035608149096255357,0.9989263489797768,0.4239839637268058,0.9891205791496278,0.6585853796184217,0.5676554832828852,4.99581276102113,0.009239839637268057,1296.7361737448882
386,102,-0.41526859866974747,0.597642299364036,0.035608149096255357,0.9989263489797768,0.4239839637268058,0.9891205791496278,0.6585853796184217,0.5676554832828852,4.99581276102113,0.009239839637268057,1296.7361737448882
386,103,-0.41526859866974747,0.597642299364036,0.035608149096255357,0.9989263489797768,0.4239839637268058,0.9891205791496278,0.6585853796184217,0.5676554832828852,4.99581276102113,0.009239839637268057,1296.7361737448882
386,104,-0.41526859866974747,0.597642299364036,0.035608149096255357,0.9989263489797768,0.4239839637268058,0.9891205791496278,0.6585853796184217,0.5676554832828852,4.99581276102113,0.009239839637268057,1296.7361737448882
386,105,-0.41526859866974747,0.597642299364036,0.035608149096255357,0.9989263489797768,0.4239839637268058,0.9891205791496278,0.6585853796184217,0.5676554832828852,4.99581276102113,0.009239839637268057,1296.7361737448882
386,106,-0.22754170897125678,0.4425445077312584,0.5,1.0,0.015,1.0,0.5655267046387551,1.45,5.0,0.00515,1300.0
386,107,-0.41526859866974747,0.597642299364036,0.035608149096255357,0.9989263489797768,0.4239839637268058,0.9891205791496278,0.6585853796184217,0.5676554832828852,4.99581276102113,0.009239839637268057,1296.7361737448882
386,108,-0.41526859866974747,0.597642299364036,0.035608149096255357,0.9989263489797768,0.4239839637268058,0.9891205791496278,0.6585853796184217,0.5676554832828852,4.99581276102113,0.009239839637268057,1296.7361737448882
386,109,-0.3052204414336419,0.721337831980109,0.5,1.0,0.015,1.0,0.7328026991880654,1.45,5.0,0.00515,1300.0
386,110,-0.41526859866974747,0.597642299364036,0.035608149096255357,0.9989263489797768,0.4239839637268058,0.9891205791496278,0.6585853796184217,0.5676554832828852,4.99581276102113,0.009239839637268057,1296.7361737448882
386,111,-0.41526859866974747,0.597642299364036,0.035608149096255357,0.9989263489797768,0.4239839637268058,0.9891205791496278,0.6585853796184217,0.5676554832828852,4.99581276102113,0.009239839637268057,1296.7361737448882
386,112,-0.41526859866974747,0.597642299364036,0.035608149096255357,0.9989263489797768,0.4239839637268058,0.9891205791496278,0.6585853796184217,0.5676554832828852,4.99581276102113,0.009239839637268057,1296.7361737448882
386,113,-0.41526859866974747,0.597642299364036,0.035608149096255357,0.9989263489797768,0.4239839637268058,0.9891205791496278,0.6585853796184217,0.5676554832828852,4.99581276102113,0.009239839637268057,1296.7361737448882
386,114,-0.41526859866974747,0.597642299364036,0.035608149096255357,0.9989263489797768,0.4239839637268058,0.9891205791496278,0.6585853796184217,0.5676554832828852,4.99581276102113,0.009239839637268057,1296.7361737448882
386,115,-0.41526859866974747,0.597642299364036,0.035608149096255357,0.9989263489797768,0.4239839637268058,0.9891205791496278,0.6585853796184217,0.5676554832828852,4.99581276102113,0.009239839637268057,1296.7361737448882
386,116,-0.41526859866974747,0.597642299364036,0.035608149096255357,0.9989263489797768,0.4239839637268058,0.9891205791496278,0.6585853796184217,0.5676554832828852,4.99581276102113,0.009239839637268057,1296.7361737448882
386,117,-0.41526859866974747,0.597642299364036,0.035608149096255357,0.9989263489797768,0.4239839637268058,0.9891205791496278,0.6585853796184217,0.5676554832828852,4.99581276102113,0.009239839637268057,1296.7361737448882
386,118,-0.41526859866974747,0.597642299364036,0.035608149096255357,0.9989263489797768,0.4239839637268058,0.9891205791496278,0.6585853796184217,0.5676554832828852,4.99581276102113,0.009239839637268057,1296.7361737448882
386,119,-0.41526859866974747,0.597642299364036,0.035608149096255357,0.9989263489797768,0.4239839637268058,0.9891205791496278,0.6585853796184217,0.5676554832828852,4.99581276102113,0.009239839637268057,1296.7361737448882
386,120,-0.41526859866974747,0.597642299364036,0.035608149096255357,0.9989263489797768,0.4239839637268058,0.9891205791496278,0.6585853796184217,0.5676554832828852,4.99581276102113,0.009239839637268057,1296.7361737448882
386,121,-0.41526859866974747,0.597642299364036,0.035608149096255357,0.9989263489797768,0.4239839637268058,0.9891205791496278,0.6585853796184217,0.5676554832828852,4.99581276102113,0.009239839637268057,1296.7361737448882
386,122,-0.41526859866974747,0.597642299364036,0.035608149096255357,0.9989263489797768,0.4239839637268058,0.9891205791496278,0.6585853796184217,0.5676554832828852,4.99581276102113,0.009239839637268057,1296.7361737448882
386,123,-0.41526859866974747,0.597642299364036,0.035608149096255357,0.9989263489797768,0.4239839637268058,0.9891205791496278,0.6585853796184217,0.5676554832828852,4.99581276102113,0.009239839637268057,1296.7361737448882
386,124,-0.41526859866974747,0.597642299364036,0.035608149096255357,0.9989263489797768,0.4239839637268058,0.9891205791496278,0.6585853796184217,0.5676554832828852,4.99581276102113,0.009239839637268057,1296.7361737448882
386,125,-0.41526859866974747,0.597642299364036,0.035608149096255357,0.9989263489797768,0.4239839637268058,0.9891205791496278,0.6585853796184217,0.5676554832828852,4.99581276102113,0.009239839637268057,1296.7361737448882
386,126,-0.41526859866974747,0.597642299364036,0.035608149096255357,0.9989263489797768,0.4239839637268058,0.9891205791496278,0.6585853796184217,0.5676554832828852,4.99581276102113,0.009239839637268057,1296.7361737448882
386,127,-0.41526859866974747,0.597642299364036,0.035608149096255357,0.9989263489797768,0.4239839637268058,0.9891205791496278,0.6585853796184217,0.5676554832828852,4.99581276102113,0.009239839637268057,1296.7361737448882
386,128,-0.28113406288433296,0.6146081803102095,0.5,1.0,0.015,1.0,0.6687649081861258,1.45,5.0,0.00515,1300.0
386,129,-0.41526859866974747,0.597642299364036,0.035608149096255357,0.9989263489797768,0.4239839637268058,0.9891205791496278,0.6585853796184217,0.5676554832828852,4.99581276102113,0.009239839637268057,1296.7361737448882
386,130,-0.41526859866974747,0.597642299364036,0.035608149096255357,0.9989263489797768,0.4239839637268058,0.9891205791496278,0.6585853796184217,0.5676554832828852,4.99581276102113,0.009239839637268057,1296.7361737448882
386,131,-0.41526859866974747,0.597642299364036,0.035608149096255357,0.9989263489797768,0.4239839637268058,0.9891205791496278,0.6585853796184217,0.5676554832828852,4.99581276102113,0.009239839637268057,1296.7361737448882
386,132,-0.41526859866974747,0.597642299364036,0.035608149096255357,0.9989263489797768,0.4239839637268058,0.9891205791496278,0.6585853796184217,0.5676554832828852,4.99581276102113,0.009239839637268057,1296.7361737448882
386,133,-0.23553017753356179,0.46515801246947797,0.5,1.0,0.015,1.0,0.5790948074816868,1.45,5.0,0.00515,1300.0
386,134,-0.41526859866974747,0.597642299364036,0.035608149096255357,0.9989263489797768,0.4239839637268058,0.9891205791496278,0.6585853796184217,0.5676554832828852,4.99581276102113,0.009239839637268057,1296.7361737448882
386,135,-0.41526859866974747,0.597642299364036,0.035608149096255357,0.9989263489797768,0.4239839637268058,0.9891205791496278,0.6585853796184217,0.5676554832828852,4.99581276102113,0.009239839637268057,1296.7361737448882
386,136,-0.41526859866974747,0.597642299364036,0.035608149096255357,0.9989263489797768,0.4239839637268058,0.9891205791496278,0.6585853796184217,0.5676554832828852,4.99581276102113,0.009239839637268057,1296.7361737448882
386,137,-0.28594667570960663,0.6335563080898243,0.5,1.0,0.015,1.0,0.6801337848538946,1.45,5.0,0.00515,1300.0
386,138,-0.41526859866974747,0.597642299364036,0.035608149096255357,0.9989263489797768,0.4239839637268058,0.9891205791496278,0.6585853796184217,0.5676554832828852,4.99581276102113,0.009239839637268057,1296.7361737448882
386,139,-0.41526859866974747,0.597642299364036,0.035608149096255357,0.9989263489797768,0.4239839637268058,0.9891205791496278,0.6585853796184217,0.5676554832828852,4.99581276102113,0.009239839637268057,1296.7361737448882
386,140,-0.41526859866974747,0.597642299364036,0.035608149096255357,0.9989263489797768,0.4239839637268058,0.9891205791496278,0.6585853796184217,0.5676554832828852,4.99581276102113,0.009239839637268057,1296.7361737448882
386,141,-0.41526859866974747,0.597642299364036,0.035608149096255357,0.9989263489797768,0.4239839637268058,0.9891205791496278,0.6585853796184217,0.5676554832828852,4.99581276102113,0.009239839637268057,1296.7361737448882
386,142,-0.41526859866974747,0.597642299364036,0.035608149096255357,0.9989263489797768,0.4239839637268058,0.9891205791496278,0.6585853796184217,0.5676554832828852,4.99581276102113,0.009239839637268057,1296.7361737448882
386,143,-0.41526859866974747,0.597642299364036,0.035608149096255357,0.9989263489797768,0.4239839637268058,0.9891205791496278,0.6585853796184217,0.5676554832828852,4.99581276102113,0.009239839637268057,1296.7361737448882
386,144,-0.41526859866974747,0.597642299364036,0.035608149096255357,0.9989263489797768,0.4239839637268058,0.9891205791496278,0.6585853796184217,0.5676554832828852,4.99581276102113,0.009239839637268057,1296.7361737448882
386,145,-0.41526859866974747,0.597642299364036,0.035608149096255357,0.9989263489797768,0.4239839637268058,0.9891205791496278,0.6585853796184217,0.5676554832828852,4.99581276102113,0.009239839637268057,1296.7361737448882
386,146,-0.41526859866974747,0.597642299364036,0.035608149096255357,0.9989263489797768,0.4239839637268058,0.9891205791496278,0.6585853796184217,0.5676554832828852,4.99581276102113,0.009239839637268057,1296.7361737448882
386,147,-0.41526859866974747,0.597642299364036,0.035608149096255357,0.9989263489797768,0.4239839637268058,0.9891205791496278,0.6585853796184217,0.5676554832828852,4.99581276102113,0.009239839637268057,1296.7361737448882
386,148,-0.41526859866974747,0.597642299364036,0.035608149096255357,0.9989263489797768,0.4239839637268058,0.9891205791496278,0.6585853796184217,0.5676554832828852,4.99581276102113,0.009239839637268057,1296.7361737448882
386,149,-0.41526859866974747,0.597642299364036,0.035608149096255357,0.9989263489797768,0.4239839637268058,0.9891205791496278,0.6585853796184217,0.5676554832828852,4.99581276102113,0.009239839637268057,1296.7361737448882
386,150,-0.41526859866974747,0.597642299364036,0.035608149096255357,0.9989263489797768,0.4239839637268058,0.9891205791496278,0.6585853796184217,0.5676554832828852,4.99581276102113,0.009239839637268057,1296.7361737448882
386,151,-0.41526859866974747,0.597642299364036,0.035608149096255357,0.9989263489797768,0.4239839637268058,0.9891205791496278,0.6585853796184217,0.5676554832828852,4.99581276102113,0.009239839637268057,1296.7361737448882
386,152,-0.41526859866974747,0.597642299364036,0.035608149096255357,0.9989263489797768,0.4239839637268058,0.9891205791496278,0.6585853796184217,0.5676554832828852,4.99581276102113,0.009239839637268057,1296.7361737448882
386,153,-0.41526859866974747,0.597642299364036,0.035608149096255357,0.9989263489797768,0.4239839637268058,0.9891205791496278,0.6585853796184217,0.5676554832828852,4.99581276102113,0.009239839637268057,1296.7361737448882
386,154,-0.41526859866974747,0.597642299364036,0.035608149096255357,0.9989263489797768,0.4239839637268058,0.9891205791496278,0.6585853796184217,0.5676554832828852,4.99581276102113,0.009239839637268057,1296.7361737448882
386,155,-0.2770064709785551,0.5990273934227405,0.5,1.0,0.015,1.0,0.6594164360536443,1.45,5.0,0.00515,1300.0
386,156,-0.41526859866974747,0.597642299364036,0.035608149096255357,0.9989263489797768,0.4239839637268058,0.9891205791496278,0.6585853796184217,0.5676554832828852,4.99581276102113,0.009239839637268057,1296.7361737448882
386,157,-0.2858669878359175,0.6332350555540471,0.5,1.0,0.015,1.0,0.6799410333324283,1.45,5.0,0.00515,1300.0
386,158,-0.2297309974482001,0.44866983960148443,0.5,1.0,0.015,1.0,0.5692019037608906,1.45,5.0,0.00515,1300.0
386,159,-0.41526859866974747,0.597642299364036,0.035608149096255357,0.9989263489797768,0.4239839637268058,0.9891205791496278,0.6585853796184217,0.5676554832828852,4.99581276102113,0.009239839637268057,1296.7361737448882
386,160,-0.41526859866974747,0.597642299364036,0.035608149096255357,0.9989263489797768,0.4239839637268058,0.9891205791496278,0.6585853796184217,0.5676554832828852,4.99581276102113,0.009239839637268057,1296.7361737448882
386,161,-0.41526859866974747,0.597642299364036,0.035608149096255357,0.9989263489797768,0.4239839637268058,0.9891205791496278,0.6585853796184217,0.5676554832828852,4.99581276102113,0.009239839637268057,1296.7361737448882
386,162,-0.41526859866974747,0.597642299364036,0.035608149096255357,0.9989263489797768,0.4239839637268058,0.9891205791496278,0.6585853796184217,0.5676554832828852,4.99581276102113,0.009239839637268057,1296.7361737448882
386,163,-0.41526859866974747,0.597642299364036,0.035608149096255357,0.9989263489797768,0.4239839637268058,0.9891205791496278,0.6585853796184217,0.5676554832828852,4.99581276102113,0.009239839637268057,1296.7361737448882
386,164,-0.41526859866974747,0.597642299364036,0.035608149096255357,0.9989263489797768,0.4239839637268058,0.9891205791496278,0.6585853796184217,0.5676554832828852,4.99581276102113,0.009239839637268057,1296.7361737448882
386,165,-0.41526859866974747,0.597642299364036,0.035608149096255357,0.9989263489797768,0.4239839637268058,0.9891205791496278,0.6585853796184217,0.5676554832828852,4.99581276102113,0.009239839637268057,1296.7361737448882
386,166,-0.41526859866974747,0.597642299364036,0.035608149096255357,0.9989263489797768,0.4239839637268058,0.9891205791496278,0.6585853796184217,0.5676554832828852,4.99581276102113,0.009239839637268057,1296.7361737448882
386,167,-0.24669310011681486,0.49811360626238715,0.5,1.0,0.015,1.0,0.5988681637574323,1.45,5.0,0.00515,1300.0
386,168,-0.41526859866974747,0.597642299364036,0.035608149096255357,0.9989263489797768,0.4239839637268058,0.9891205791496278,0.6585853796184217,0.5676554832828852,4.99581276102113,0.009239839637268057,1296.7361737448882
386,169,-0.41526859866974747,0.597642299364036,0.035608149096255357,0.9989263489797768,0.4239839637268058,0.9891205791496278,0.6585853796184217,0.5676554832828852,4.99581276102113,0.009239839637268057,1296.7361737448882
386,170,-0.41526859866974747,0.597642299364036,0.035608149096255357,0.9989263489797768,0.4239839637268058,0.9891205791496278,0.6585853796184217,0.5676554832828852,4.99581276102113,0.009239839637268057,1296.7361737448882
386,171,-0.41526859866974747,0.597642299364036,0.035608149096255357,0.9989263489797768,0.4239839637268058,0.9891205791496278,0.6585853796184217,0.5676554832828852,4.99581276102113,0.009239839637268057,1296.7361737448882
386,172,-0.41526859866974747,0.597642299364036,0.035608149096255357,0.9989263489797768,0.4239839637268058,0.9891205791496278,0.6585853796184217,0.5676554832828852,4.99581276102113,0.009239839637268057,1296.7361737448882
386,173,-0.41526859866974747,0.597642299364036,0.035608149096255357,0.9989263489797768,0.4239839637268058,0.9891205791496278,0.6585853796184217,0.5676554832828852,4.99581276102113,0.009239839637268057,1296.7361737448882
386,174,-0.41526859866974747,0.597642299364036,0.035608149096255357,0.9989263489797768,0.4239839637268058,0.9891205791496278,0.6585853796184217,0.5676554832828852,4.99581276102113,0.009239839637268057,1296.7361737448882
386,175,-0.41526859866974747,0.597642299364036,0.035608149096255357,0.9989263489797768,0.4239839637268058,0.9891205791496278,0.6585853796184217,0.5676554832828852,4.99581276102113,0.009239839637268057,1296.7361737448882
386,176,-0.41526859866974747,0.597642299364036,0.035608149096255357,0.9989263489797768,0.4239839637268058,0.9891205791496278,0.6585853796184217,0.5676554832828852,4.99581276102113,0.009239839637268057,1296.7361737448882
386,177,-0.41526859866974747,0.597642299364036,0.035608149096255357,0.9989263489797768,0.4239839637268058,0.9891205791496278,0.6585853796184217,0.5676554832828852,4.99581276102113,0.009239839637268057,1296.7361737448882
386,178,-0.41526859866974747,0.597642299364036,0.035608149096255357,0.9989263489797768,0.4239839637268058,0.9891205791496278,0.6585853796184217,0.5676554832828852,4.99581276102113,0.009239839637268057,1296.7361737448882
386,179,-0.41526859866974747,0.597642299364036,0.035608149096255357,0.9989263489797768,0.4239839637268058,0.9891205791496278,0.6585853796184217,0.5676554832828852,4.99581276102113,0.009239839637268057,1296.7361737448882
386,180,-0.41526859866974747,0.597642299364036,0.035608149096255357,0.9989263489797768,0.4239839637268058,0.9891205791496278,0.6585853796184217,0.5676554832828852,4.99581276102113,0.009239839637268057,1296.7361737448882
386,181,-0.41526859866974747,0.597642299364036,0.035608149096255357,0.9989263489797768,0.4239839637268058,0.9891205791496278,0.6585853796184217,0.5676554832828852,4.99581276102113,0.009239839637268057,1296.7361737448882
386,182,-0.41526859866974747,0.597642299364036,0.035608149096255357,0.9989263489797768,0.4239839637268058,0.9891205791496278,0.6585853796184217,0.5676554832828852,4.99581276102113,0.009239839637268057,1296.7361737448882
386,183,-0.41526859866974747,0.597642299364036,0.035608149096255357,0.9989263489797768,0.4239839637268058,0.9891205791496278,0.6585853796184217,0.5676554832828852,4.99581276102113,0.009239839637268057,1296.7361737448882
386,184,-0.41526859866974747,0.597642299364036,0.035608149096255357,0.9989263489797768,0.4239839637268058,0.9891205791496278,0.6585853796184217,0.5676554832828852,4.99581276102113,0.009239839637268057,1296.7361737448882
386,185,-0.23952303423993562,0.4767499648736656,0.5,1.0,0.015,1.0,0.5860499789241994,1.45,5.0,0.00515,1300.0
386,186,-0.41526859866974747,0.597642299364036,0.035608149096255357,0.9989263489797768,0.4239839637268058,0.9891205791496278,0.6585853796184217,0.5676554832828852,4.99581276102113,0.009239839637268057,1296.7361737448882
386,187,-0.41526859866974747,0.597642299364036,0.035608149096255357,0.9989263489797768,0.4239839637268058,0.9891205791496278,0.6585853796184217,0.5676554832828852,4.99581276102113,0.009239839637268057,1296.7361737448882
386,188,-0.41526859866974747,0.597642299364036,0.035608149096255357,0.9989263489797768,0.4239839637268058,0.9891205791496278,0.6585853796184217,0.5676554832828852,4.99581276102113,0.009239839637268057,1296.7361737448882
386,189,-0.41526859866974747,0.597642299364036,0.035608149096255357,0.9989263489797768,0.4239839637268058,0.9891205791496278,0.6585853796184217,0.5676554832828852,4.99581276102113,0.009239839637268057,1296.7361737448882
386,190,-0.41526859866974747,0.597642299364036,0.035608149096255357,0.9989263489797768,0.4239839637268058,0.9891205791496278,0.6585853796184217,0.5676554832828852,4.99581276102113,0.009239839637268057,1296.7361737448882
386,191,-0.41526859866974747,0.597642299364036,0.035608149096255357,0.9989263489797768,0.4239839637268058,0.9891205791496278,0.6585853796184217,0.5676554832828852,4.99581276102113,0.009239839637268057,1296.7361737448882
386,192,-0.41526859866974747,0.597642299364036,0.035608149096255357,0.9989263489797768,0.4239839637268058,0.9891205791496278,0.6585853796184217,0.5676554832828852,4.99581276102113,0.009239839637268057,1296.7361737448882
386,193,-0.41526859866974747,0.597642299364036,0.035608149096255357,0.9989263489797768,0.4239839637268058,0.9891205791496278,0.6585853796184217,0.5676554832828852,4.99581276102113,0.009239839637268057,1296.7361737448882
386,194,-0.41526859866974747,0.597642299364036,0.035608149096255357,0.9989263489797768,0.4239839637268058,0.9891205791496278,0.6585853796184217,0.5676554832828852,4.99581276102113,0.009239839637268057,1296.7361737448882
386,195,-0.41526859866974747,0.597642299364036,0.035608149096255357,0.9989263489797768,0.4239839637268058,0.9891205791496278,0.6585853796184217,0.5676554832828852,4.99581276102113,0.009239839637268057,1296.7361737448882
386,196,-0.41526859866974747,0.597642299364036,0.035608149096255357,0.9989263489797768,0.4239839637268058,0.9891205791496278,0.6585853796184217,0.5676554832828852,4.99581276102113,0.009239839637268057,1296.7361737448882
386,197,-0.41526859866974747,0.597642299364036,0.035608149096255357,0.9989263489797768,0.4239839637268058,0.9891205791496278,0.6585853796184217,0.5676554832828852,4.99581276102113,0.009239839637268057,1296.7361737448882
386,198,-0.41526859866974747,0.597642299364036,0.035608149096255357,0.9989263489797768,0.4239839637268058,0.9891205791496278,0.6585853796184217,0.5676554832828852,4.99581276102113,0.009239839637268057,1296.7361737448882
386,199,-0.41526859866974747,0.597642299364036,0.035608149096255357,0.9989263489797768,0.4239839637268058,0.9891205791496278,0.6585853796184217,0.5676554832828852,4.99581276102113,0.009239839637268057,1296.7361737448882
