iteration,candidate_index,objective,phi_n,u_avg_n,ar_n,lt_1_n,a_0_n,phi,u_avg,ar,lt_1,a_0
256,0,-0.4254029621878826,0.5904798797878318,0.01640058129884383,0.9999768360094208,0.608397185275039,0.998774395064071,0.6542879278726992,0.5311611044678033,4.999909660436741,0.01108397185275039,1299.6323185192214
256,1,-0.4254029621878826,0.5904798797878317,0.01640058129884383,0.9999768360094208,0.6083971852750392,0.9987743950640711,0.6542879278726991,0.5311611044678033,4.999909660436741,0.011083971852750391,1299.6323185192214
256,2,-0.4254029621878826,0.5904798797878317,0.01640058129884383,0.9999768360094208,0.6083971852750392,0.9987743950640711,0.6542879278726991,0.5311611044678033,4.999909660436741,0.011083971852750391,1299.6323185192214
256,3,-0.4254029621878826,0.5904798797878317,0.01640058129884383,0.9999768360094208,0.6083971852750392,0.9987743950640711,0.6542879278726991,0.5311611044678033,4.999909660436741,0.011083971852750391,1299.6323185192214
256,4,-0.4254029621878826,0.5904798797878317,0.01640058129884383,0.9999768360094208,0.6083971852750392,0.998774395064071,0.6542879278726991,0.5311611044678033,4.999909660436741,0.011083971852750391,1299.6323185192214
256,5,-0.4254029621878826,0.5904798797878317,0.01640058129884383,0.9999768360094208,0.6083971852750392,0.9987743950640711,0.6542879278726991,0.5311611044678033,4.999909660436741,0.011083971852750391,1299.6323185192214
256,6,-0.4254029621878826,0.5904798797878317,0.01640058129884383,0.9999768360094208,0.6083971852750392,0.9987743950640711,0.6542879278726991,0.5311611044678033,4.999909660436741,0.011083971852750391,1299.6323185192214
256,7,-0.4254029621878826,0.5904798797878318,0.01640058129884383,0.9999768360094208,0.6083971852750392,0.9987743950640711,0.6542879278726992,0.5311611044678033,4.999909660436741,0.011083971852750391,1299.6323185192214
256,8,-0.4254029621878826,0.5904798797878317,0.01640058129884383,0.9999768360094208,0.6083971852750392,0.9987743950640711,0.6542879278726991,0.5311611044678033,4.999909660436741,0.011083971852750391,1299.6323185192214
256,9,-0.4254029621878826,0.5904798797878317,0.01640058129884383,0.9999768360094208,0.6083971852750392,0.9987743950640711,0.6542879278726991,0.5311611044678033,4.999909660436741,0.011083971852750391,1299.6323185192214
256,10,-0.4254029621878826,0.5904798797878317,0.01640058129884383,0.9999768360094208,0.6083971852750392,0.9987743950640711,0.6542879278726991,0.5311611044678033,4.999909660436741,0.011083971852750391,1299.6323185192214
256,11,-0.4254029621878826,0.5904798797878317,0.01640058129884383,0.9999768360094208,0.6083971852750392,0.9987743950640711,0.6542879278726991,0.5311611044678033,4.999909660436741,0.011083971852750391,1299.6323185192214
256,12,-0.4254029621878826,0.5904798797878317,0.01640058129884383,0.9999768360094208,0.6083971852750392,0.9987743950640711,0.6542879278726991,0.5311611044678033,4.999909660436741,0.011083971852750391,1299.6323185192214
256,13,-0.4254029621878826,0.5904798797878317,0.01640058129884383,0.9999768360094208,0.6083971852750392,0.9987743950640711,0.6542879278726991,0.5311611044678033,4.999909660436741,0.011083971852750391,1299.6323185192214
256,14,-0.2867938393614558,0.636988163104382,0.5,1.0,0.015,1.0,0.6821928978626293,1.45,5.0,0.00515,1300.0
256,15,-0.4254029621878826,0.5904798797878317,0.01640058129884383,0.9999768360094208,0.6083971852750392,0.9987743950640711,0.6542879278726991,0.5311611044678033,4.999909660436741,0.011083971852750391,1299.6323185192214
256,16,-0.4254029621878826,0.5904798797878317,0.01640058129884383,0.9999768360094208,0.6083971852750392,0.9987743950640711,0.6542879278726991,0.5311611044678033,4.999909660436741,0.011083971852750391,1299.6323185192214
256,17,-0.4254029621878826,0.5904798797878317,0.01640058129884383,0.9999768360094208,0.6083971852750392,0.9987743950640711,0.6542879278726991,0.5311611044678033,4.999909660436741,0.011083971852750391,1299.6323185192214
256,18,-0.4254029621878826,0.5904798797878317,0.01640058129884383,0.9999768360094208,0.6083971852750392,0.9987743950640711,0.6542879278726991,0.5311611044678033,4.999909660436741,0.011083971852750391,1299.6323185192214
256,19,-0.4254029621878826,0.5904798797878317,0.01640058129884383,0.9999768360094208,0.6083971852750392,0.9987743950640711,0.6542879278726991,0.5311611044678033,4.999909660436741,0.011083971852750391,1299.6323185192214
256,20,-0.4254029621878826,0.5904798797878317,0.01640058129884383,0.9999768360094208,0.6083971852750392,0.9987743950640711,0.6542879278726991,0.5311611044678033,4.999909660436741,0.011083971852750391,1299.6323185192214
256,21,-0.4254029621878826,0.5904798797878317,0.01640058129884383,0.9999768360094208,0.6083971852750392,0.9987743950640711,0.6542879278726991,0.5311611044678033,4.999909660436741,0.011083971852750391,1299.6323185192214
256,22,-0.4254029621878826,0.5904798797878318,0.01640058129884383,0.9999768360094208,0.608397185275039,0.9987743950640711,0.6542879278726992,0.5311611044678033,4.999909660436741,0.01108397185275039,1299.6323185192214
256,23,-0.26617868010085816,0.5605911264027686,0.5,1.0,0.015,1.0,0.6363546758416612,1.45,5.0,0.00515,1300.0
256,24,-0.4254029621878826,0.5904798797878317,0.01640058129884383,0.9999768360094208,0.6083971852750392,0.9987743950640711,0.6542879278726991,0.5311611044678033,4.999909660436741,0.011083971852750391,1299.6323185192214
256,25,-0.4254029621878826,0.5904798797878317,0.01640058129884383,0.9999768360094208,0.6083971852750392,0.9987743950640711,0.6542879278726991,0.5311611044678033,4.999909660436741,0.011083971852750391,1299.6323185192214
256,26,-0.4254029621878826,0.5904798797878317,0.01640058129884383,0.9999768360094208,0.6083971852750392,0.9987743950640711,0.6542879278726991,0.5311611044678033,4.999909660436741,0.011083971852750391,1299.6323185192214
256,27,-0.4254029621878826,0.5904798797878317,0.01640058129884383,0.9999768360094208,0.6083971852750392,0.9987743950640711,0.6542879278726991,0.5311611044678033,4.999909660436741,0.011083971852750391,1299.6323185192214
256,28,-0.4254029621878826,0.5904798797878317,0.01640058129884383,0.9999768360094208,0.608397185275039,0.9987743950640711,0.6542879278726991,0.5311611044678033,4.999909660436741,0.01108397185275039,1299.6323185192214
256,29,-0.4254029621878826,0.5904798797878317,0.01640058129884383,0.9999768360094208,0.6083971852750392,0.9987743950640711,0.6542879278726991,0.5311611044678033,4.999909660436741,0.011083971852750391,1299.6323185192214
256,30,-0.4254029621878826,0.5904798797878317,0.01640058129884383,0.9999768360094208,0.6083971852750392,0.9987743950640711,0.6542879278726991,0.5311611044678033,4.999909660436741,0.011083971852750391,1299.6323185192214
256,31,-0.4254029621878826,0.5904798797878317,0.01640058129884383,0.9999768360094208,0.608397185275039,0.9987743950640711,0.6542879278726991,0.5311611044678033,4.999909660436741,0.01108397185275039,1299.6323185192214
256,32,-0.4254029621878826,0.5904798797878317,0.01640058129884383,0.9999768360094208,0.6083971852750392,0.9987743950640711,0.6542879278726991,0.5311611044678033,4.999909660436741,0.011083971852750391,1299.6323185192214
256,33,-0.4254029621878826,0.5904798797878317,0.01640058129884383,0.9999768360094208,0.6083971852750392,0.9987743950640711,0.6542879278726991,0.5311611044678033,4.999909660436741,0.011083971852750391,1299.6323185192214
256,34,-0.4254029621878826,0.5904798797878317,0.01640058129884383,0.9999768360094208,0.6083971852750392,0.9987743950640711,0.6542879278726991,0.5311611044678033,4.999909660436741,0.011083971852750391,1299.6323185192214
256,35,-0.4254029621878826,0.5904798797878317,0.01640058129884383,0.9999768360094208,0.6083971852750392,0.9987743950640711,0.6542879278726991,0.5311611044678033,4.999909660436741,0.011083971852750391,1299.6323185192214
256,36,-0.4254029621878826,0.5904798797878317,0.01640058129884383,0.9999768360094208,0.6083971852750392,0.9987743950640711,0.6542879278726991,0.5311611044678033,4.999909660436741,0.011083971852750391,1299.6323185192214
256,37,-0.4254029621878826,0.5904798797878317,0.01640058129884383,0.9999768360094208,0.6083971852750392,0.9987743950640711,0.6542879278726991,0.5311611044678033,4.999909660436741,0.011083971852750391,1299.6323185192214
256,38,-0.4254029621878826,0.5904798797878317,0.01640058129884383,0.9999768360094208,0.6083971852750392,0.9987743950640711,0.6542879278726991,0.5311611044678033,4.999909660436741,0.011083971852750391,1299.6323185192214
256,39,-0.4254029621878826,0.5904798797878317,0.01640058129884383,0.9999768360094208,0.6083971852750392,0.9987743950640711,0.6542879278726991,0.5311611044678033,4.999909660436741,0.011083971852750391,1299.6323185192214
256,40,-0.4254029621878826,0.5904798797878317,0.01640058129884383,0.9999768360094208,0.6083971852750392,0.9987743950640711,0.6542879278726991,0.5311611044678033,4.999909660436741,0.011083971852750391,1299.6323185192214
256,41,-0.4254029621878826,0.5904798797878317,0.01640058129884383,0.9999768360094208,0.6083971852750392,0.9987743950640711,0.6542879278726991,0.5311611044678033,4.999909660436741,0.011083971852750391,1299.6323185192214
256,42,-0.4254029621878826,0.5904798797878317,0.01640058129884383,0.9999768360094208,0.6083971852750392,0.9987743950640711,0.6542879278726991,0.5311611044678033,4.999909660436741,0.011083971852750391,1299.6323185192214
256,43,-0.4254029621878826,0.5904798797878317,0.01640058129884383,0.9999768360094208,0.6083971852750392,0.9987743950640711,0.6542879278726991,0.5311611044678033,4.999909660436741,0.011083971852750391,1299.6323185192214
256,44,-0.4254029621878826,0.5904798797878317,0.01640058129884383,0.9999768360094208,0.6083971852750392,0.9987743950640711,0.6542879278726991,0.5311611044678033,4.999909660436741,0.011083971852750391,1299.6323185192214
256,45,-0.4254029621878826,0.5904798797878318,0.01640058129884383,0.9999768360094208,0.6083971852750392,0.9987743950640711,0.6542879278726992,0.5311611044678033,4.999909660436741,0.011083971852750391,1299.6323185192214
256,46,-0.4254029621878826,0.5904798797878317,0.01640058129884383,0.9999768360094208,0.6083971852750392,0.9987743950640711,0.6542879278726991,0.5311611044678033,4.999909660436741,0.011083971852750391,1299.6323185192214
256,47,-0.4254029621878826,0.5904798797878317,0.01640058129884383,0.9999768360094208,0.608397185275039,0.9987743950640711,0.6542879278726991,0.5311611044678033,4.999909660436741,0.01108397185275039,1299.6323185192214
256,48,-0.4254029621878826,0.5904798797878317,0.01640058129884383,0.9999768360094208,0.6083971852750392,0.9987743950640711,0.6542879278726991,0.5311611044678033,4.999909660436741,0.011083971852750391,1299.6323185192214
256,49,-0.4254029621878826,0.5904798797878317,0.01640058129884383,0.9999768360094208,0.6083971852750392,0.9987743950640711,0.6542879278726991,0.5311611044678033,4.999909660436741,0.011083971852750391,1299.6323185192214
256,50,-0.4254029621878826,0.5904798797878317,0.01640058129884383,0.9999768360094208,0.6083971852750392,0.9987743950640711,0.6542879278726991,0.5311611044678033,4.999909660436741,0.011083971852750391,1299.6323185192214
256,51,-0.282510048202314,0.6199348882017589,0.5,1.0,0.015,1.0,0.6719609329210554,1.45,5.0,0.00515,1300.0
256,52,-0.4254029621878826,0.5904798797878317,0.01640058129884383,0.9999768360094208,0.6083971852750392,0.9987743950640711,0.6542879278726991,0.5311611044678033,4.999909660436741,0.011083971852750391,1299.6323185192214
256,53,-0.4254029621878826,0.5904798797878317,0.01640058129884383,0.9999768360094208,0.6083971852750392,0.9987743950640711,0.6542879278726991,0.5311611044678033,4.999909660436741,0.011083971852750391,1299.6323185192214
256,54,-0.4254029621878826,0.5904798797878317,0.01640058129884383,0.9999768360094208,0.6083971852750392,0.9987743950640711,0.6542879278726991,0.5311611044678033,4.999909660436741,0.011083971852750391,1299.6323185192214
256,55,-0.4254029621878826,0.5904798797878317,0.01640058129884383,0.9999768360094208,0.6083971852750392,0.9987743950640711,0.6542879278726991,0.5311611044678033,4.999909660436741,0.011083971852750391,1299.6323185192214
256,56,-0.4254029621878826,0.5904798797878317,0.01640058129884383,0.9999768360094208,0.6083971852750392,0.9987743950640711,0.6542879278726991,0.5311611044678033,4.999909660436741,0.011083971852750391,1299.6323185192214
256,57,-0.4254029621878826,0.5904798797878317,0.01640058129884383,0.9999768360094208,0.6083971852750392,0.9987743950640711,0.6542879278726991,0.5311611044678033,4.999909660436741,0.011083971852750391,1299.6323185192214
256,58,-0.4254029621878826,0.5904798797878317,0.01640058129884383,0.9999768360094208,0.6083971852750392,0.9987743950640711,0.6542879278726991,0.5311611044678033,4.999909660436741,0.011083971852750391,1299.6323185192214
256,59,-0.4254029621878826,0.5904798797878317,0.01640058129884383,0.9999768360094208,0.6083971852750392,0.9987743950640711,0.6542879278726991,0.5311611044678033,4.999909660436741,0.011083971852750391,1299.6323185192214
256,60,-0.4254029621878826,0.5904798797878317,0.01640058129884383,0.9999768360094208,0.6083971852750392,0.9987743950640711,0.6542879278726991,0.5311611044678033,4.999909660436741,0.011083971852750391,1299.6323185192214
256,61,-0.4254029621878826,0.5904798797878317,0.01640058129884383,0.9999768360094208,0.6083971852750392,0.9987743950640711,0.6542879278726991,0.5311611044678033,4.999909660436741,0.011083971852750391,1299.6323185192214
256,62,-0.4254029621878826,0.5904798797878317,0.01640058129884383,0.9999768360094208,0.6083971852750392,0.9987743950640711,0.6542879278726991,0.5311611044678033,4.999909660436741,0.011083971852750391,1299.6323185192214
256,63,-0.4254029621878826,0.5904798797878317,0.01640058129884383,0.9999768360094208,0.6083971852750392,0.9987743950640711,0.6542879278726991,0.5311611044678033,4.999909660436741,0.011083971852750391,1299.6323185192214
256,64,-0.4254029621878826,0.5904798797878317,0.01640058129884383,0.9999768360094208,0.6083971852750392,0.9987743950640711,0.6542879278726991,0.5311611044678033,4.999909660436741,0.011083971852750391,1299.6323185192214
256,65,-0.4254029621878826,0.5904798797878317,0.01640058129884383,0.9999768360094208,0.6083971852750392,0.9987743950640711,0.6542879278726991,0.5311611044678033,4.999909660436741,0.011083971852750391,1299.6323185192214
256,66,-0.32372562623871864,0.8438581693950002,0.5,1.0,0.015,1.0,0.8063149016370001,1.45,5.0,0.00515,1300.0
256,67,-0.4254029621878826,0.5904798797878317,0.01640058129884383,0.9999768360094208,0.6083971852750392,0.9987743950640711,0.6542879278726991,0.5311611044678033,4.999909660436741,0.011083971852750391,1299.6323185192214
256,68,-0.4254029621878826,0.5904798797878317,0.01640058129884383,0.9999768360094208,0.6083971852750392,0.9987743950640711,0.6542879278726991,0.5311611044678033,4.999909660436741,0.011083971852750391,1299.6323185192214
256,69,-0.4254029621878826,0.5904798797878317,0.01640058129884383,0.9999768360094208,0.6083971852750392,0.9987743950640711,0.6542879278726991,0.5311611044678033,4.999909660436741,0.011083971852750391,1299.6323185192214
256,70,-0.4254029621878826,0.5904798797878317,0.01640058129884383,0.9999768360094208,0.6083971852750392,0.9987743950640711,0.6542879278726991,0.5311611044678033,4.999909660436741,0.011083971852750391,1299.6323185192214
256,71,-0.4254029621878826,0.5904798797878317,0.01640058129884383,0.9999768360094208,0.6083971852750392,0.9987743950640711,0.6542879278726991,0.5311611044678033,4.999909660436741,0.011083971852750391,1299.6323185192214
256,72,-0.4254029621878826,0.5904798797878317,0.01640058129884383,0.9999768360094208,0.6083971852750392,0.9987743950640711,0.6542879278726991,0.5311611044678033,4.999909660436741,0.011083971852750391,1299.6323185192214
256,73,-0.4254029621878826,0.5904798797878317,0.01640058129884383,0.9999768360094208,0.6083971852750392,0.9987743950640711,0.6542879278726991,0.5311611044678033,4.999909660436741,0.011083971852750391,1299.6323185192214
256,74,-0.4254029621878826,0.5904798797878317,0.01640058129884383,0.9999768360094208,0.6083971852750392,0.9987743950640711,0.6542879278726991,0.5311611044678033,4.999909660436741,0.011083971852750391,1299.6323185192214
256,75,-0.4254029621878826,0.5904798797878317,0.01640058129884383,0.9999768360094208,0.6083971852750392,0.9987743950640711,0.6542879278726991,0.5311611044678033,4.999909660436741,0.011083971852750391,1299.6323185192214
256,76,-0.4254029621878826,0.5904798797878317,0.01640058129884383,0.9999768360094208,0.6083971852750392,0.9987743950640711,0.6542879278726991,0.5311611044678033,4.999909660436741,0.011083971852750391,1299.6323185192214
256,77,-0.4254029621878826,0.5904798797878317,0.01640058129884383,0.9999768360094208,0.6083971852750392,0.9987743950640711,0.6542879278726991,0.5311611044678033,4.999909660436741,0.011083971852750391,1299.6323185192214
256,78,-0.4254029621878826,0.5904798797878317,0.01640058129884383,0.9999768360094208,0.6083971852750392,0.9987743950640711,0.6542879278726991,0.5311611044678033,4.999909660436741,0.011083971852750391,1299.6323185192214
256,79,-0.4254029621878826,0.5904798797878317,0.01640058129884383,0.9999768360094208,0.6083971852750392,0.9987743950640711,0.6542879278726991,0.5311611044678033,4.999909660436741,0.011083971852750391,1299.6323185192214
256,80,-0.4254029621878826,0.5904798797878317,0.01640058129884383,0.9999768360094208,0.6083971852750392,0.9987743950640711,0.6542879278726991,0.5311611044678033,4.999909660436741,0.011083971852750391,1299.6323185192214
256,81,-0.4254029621878826,0.5904798797878317,0.01640058129884383,0.9999768360094208,0.6083971852750392,0.9987743950640711,0.6542879278726991,0.5311611044678033,4.999909660436741,0.011083971852750391,1299.6323185192214
256,82,-0.4254029621878826,0.5904798797878317,0.01640058129884383,0.9999768360094208,0.6083971852750392,0.9987743950640711,0.6542879278726991,0.5311611044678033,4.999909660436741,0.011083971852750391,1299.6323185192214
256,83,-0.4254029621878826,0.5904798797878317,0.01640058129884383,0.9999768360094208,0.6083971852750392,0.9987743950640711,0.6542879278726991,0.5311611044678033,4.999909660436741,0.011083971852750391,1299.6323185192214
256,84,-0.4254029621878826,0.5904798797878317,0.01640058129884383,0.9999768360094208,0.6083971852750392,0.9987743950640711,0.6542879278726991,0.5311611044678033,4.999909660436741,0.011083971852750391,1299.6323185192214
256,85,-0.4254029621878826,0.5904798797878317,0.01640058129884383,0.9999768360094208,0.6083971852750392,0.9987743950640711,0.6542879278726991,0.5311611044678033,4.999909660436741,0.011083971852750391,1299.6323185192214
256,86,-0.4254029621878826,0.5904798797878317,0.01640058129884383,0.9999768360094208,0.6083971852750392,0.9987743950640711,0.6542879278726991,0.5311611044678033,4.999909660436741,0.011083971852750391,1299.6323185192214
256,87,-0.24273206227071048,0.4862202840737687,0.5,1.0,0.015,1.0,0.5917321704442613,1.45,5.0,0.00515,1300.0
256,88,-0.4254029621878826,0.5904798797878317,0.01640058129884383,0.9999768360094208,0.6083971852750392,0.998774395064071,0.6542879278726991,0.5311611044678033,4.999909660436741,0.011083971852750391,1299.6323185192214
256,89,-0.4254029621878826,0.5904798797878317,0.01640058129884383,0.9999768360094208,0.6083971852750392,0.9987743950640711,0.6542879278726991,0.5311611044678033,4.999909660436741,0.011083971852750391,1299.6323185192214
256,90,-0.4254029621878826,0.5904798797878317,0.01640058129884383,0.9999768360094208,0.6083971852750392,0.9987743950640711,0.6542879278726991,0.5311611044678033,4.999909660436741,0.011083971852750391,1299.6323185192214
256,91,-0.21848296155039076,0.4177191428102368,0.5,1.0,0.015,1.0,0.5506314856861421,1.45,5.0,0.00515,1300.0
256,92,-0.4254029621878826,0.5904798797878317,0.01640058129884383,0.9999768360094208,0.6083971852750392,0.9987743950640711,0.6542879278726991,0.5311611044678033,4.999909660436741,0.011083971852750391,1299.6323185192214
256,93,-0.4254029621878826,0.5904798797878317,0.01640058129884383,0.9999768360094208,0.6083971852750392,0.9987743950640711,0.6542879278726991,0.5311611044678033,4.999909660436741,0.011083971852750391,1299.6323185192214
256,94,-0.4254029621878826,0.5904798797878317,0.01640058129884383,0.9999768360094208,0.6083971852750392,0.9987743950640711,0.6542879278726991,0.5311611044678033,4.999909660436741,0.011083971852750391,1299.6323185192214
256,95,-0.4254029621878826,0.5904798797878317,0.01640058129884383,0.9999768360094208,0.6083971852750392,0.9987743950640711,0.6542879278726991,0.5311611044678033,4.999909660436741,0.011083971852750391,1299.6323185192214
256,96,-0.4254029621878826,0.5904798797878317,0.01640058129884383,0.9999768360094208,0.6083971852750392,0.9987743950640711,0.6542879278726991,0.5311611044678033,4.999909660436741,0.011083971852750391,1299.6323185192214
256,97,-0.4254029621878826,0.5904798797878317,0.01640058129884383,0.9999768360094208,0.6083971852750392,0.9987743950640711,0.6542879278726991,0.5311611044678033,4.999909660436741,0.011083971852750391,1299.6323185192214
256,98,-0.4254029621878826,0.5904798797878317,0.01640058129884383,0.9999768360094208,0.6083971852750392,0.9987743950640711,0.6542879278726991,0.5311611044678033,4.999909660436741,0.011083971852750391,1299.6323185192214
256,99,-0.4254029621878826,0.5904798797878317,0.01640058129884383,0.9999768360094208,0.6083971852750392,0.9987743950640711,0.6542879278726991,0.5311611044678033,4.999909660436741,0.011083971852750391,1299.6323185192214
256,100,-0.4254029621878826,0.5904798797878317,0.01640058129884383,0.9999768360094208,0.6083971852750392,0.9987743950640711,0.6542879278726991,0.5311611044678033,4.999909660436741,0.011083971852750391,1299.6323185192214
256,101,-0.4254029621878826,0.5904798797878317,0.01640058129884383,0.9999768360094208,0.6083971852750392,0.9987743950640711,0.6542879278726991,0.5311611044678033,4.999909660436741,0.011083971852750391,1299.6323185192214
256,102,-0.4254029621878826,0.5904798797878317,0.01640058129884383,0.9999768360094208,0.6083971852750392,0.9987743950640711,0.6542879278726991,0.5311611044678033,4.999909660436741,0.011083971852750391,1299.6323185192214
256,103,-0.4254029621878826,0.5904798797878317,0.01640058129884383,0.9999768360094208,0.6083971852750392,0.9987743950640711,0.6542879278726991,0.5311611044678033,4.999909660436741,0.011083971852750391,1299.6323185192214
256,104,-0.4254029621878826,0.5904798797878317,0.01640058129884383,0.9999768360094208,0.6083971852750392,0.9987743950640711,0.6542879278726991,0.5311611044678033,4.999909660436741,0.011083971852750391,1299.6323185192214
256,105,-0.4254029621878826,0.5904798797878317,0.01640058129884383,0.9999768360094208,0.6083971852750392,0.9987743950640711,0.6542879278726991,0.5311611044678033,4.999909660436741,0.011083971852750391,1299.6323185192214
256,106,-0.4254029621878826,0.5904798797878317,0.01640058129884383,0.9999768360094208,0.6083971852750392,0.9987743950640711,0.6542879278726991,0.5311611044678033,4.999909660436741,0.011083971852750391,1299.6323185192214
256,107,-0.4254029621878826,0.5904798797878317,0.01640058129884383,0.9999768360094208,0.6083971852750392,0.9987743950640711,0.6542879278726991,0.5311611044678033,4.999909660436741,0.011083971852750391,1299.6323185192214
256,108,-0.30800978969264364,0.7363297731098166,0.5,1.0,0.015,1.0,0.74179786386589,1.45,5.0,0.00515,1300.0
256,109,-0.4254029621878826,0.5904798797878318,0.01640058129884383,0.9999768360094208,0.6083971852750392,0.9987743950640711,0.6542879278726992,0.5311611044678033,4.999909660436741,0.011083971852750391,1299.6323185192214
256,110,-0.4254029621878826,0.5904798797878317,0.01640058129884383,0.9999768360094208,0.6083971852750392,0.9987743950640711,0.6542879278726991,0.5311611044678033,4.999909660436741,0.011083971852750391,1299.6323185192214
256,111,-0.4254029621878826,0.5904798797878317,0.01640058129884383,0.9999768360094208,0.608397185275039,0.9987743950640711,0.6542879278726991,0.5311611044678033,4.999909660436741,0.01108397185275039,1299.6323185192214
256,112,-0.4254029621878826,0.5904798797878317,0.01640058129884383,0.9999768360094208,0.6083971852750392,0.9987743950640711,0.6542879278726991,0.5311611044678033,4.999909660436741,0.011083971852750391,1299.6323185192214
256,113,-0.4254029621878826,0.5904798797878317,0.01640058129884383,0.9999768360094208,0.6083971852750392,0.9987743950640711,0.6542879278726991,0.5311611044678033,4.999909660436741,0.011083971852750391,1299.6323185192214
256,114,-0.4254029621878826,0.5904798797878317,0.01640058129884383,0.9999768360094208,0.6083971852750392,0.9987743950640711,0.6542879278726991,0.5311611044678033,4.999909660436741,0.011083971852750391,1299.6323185192214
256,115,-0.4254029621878826,0.5904798797878317,0.01640058129884383,0.9999768360094208,0.6083971852750392,0.9987743950640711,0.6542879278726991,0.5311611044678033,4.999909660436741,0.011083971852750391,1299.6323185192214
256,116,-0.4254029621878826,0.5904798797878317,0.01640058129884383,0.9999768360094208,0.6083971852750392,0.9987743950640711,0.6542879278726991,0.5311611044678033,4.999909660436741,0.011083971852750391,1299.6323185192214
256,117,-0.4254029621878826,0.5904798797878317,0.01640058129884383,0.9999768360094208,0.6083971852750392,0.9987743950640711,0.6542879278726991,0.5311611044678033,4.999909660436741,0.011083971852750391,1299.6323185192214
256,118,-0.4254029621878826,0.5904798797878317,0.01640058129884383,0.9999768360094208,0.6083971852750392,0.9987743950640711,0.6542879278726991,0.5311611044678033,4.999909660436741,0.011083971852750391,1299.6323185192214
256,119,-0.4254029621878826,0.5904798797878317,0.01640058129884383,0.9999768360094208,0.6083971852750392,0.9987743950640711,0.6542879278726991,0.5311611044678033,4.999909660436741,0.011083971852750391,1299.6323185192214
256,120,-0.4254029621878826,0.5904798797878317,0.01640058129884383,0.9999768360094208,0.6083971852750392,0.9987743950640711,0.6542879278726991,0.5311611044678033,4.999909660436741,0.011083971852750391,1299.6323185192214
256,121,-0.4254029621878826,0.5904798797878317,0.01640058129884383,0.9999768360094208,0.6083971852750392,0.9987743950640711,0.6542879278726991,0.5311611044678033,4.999909660436741,0.011083971852750391,1299.6323185192214
256,122,-0.28229107408772464,0.6190825175873245,0.5,1.0,0.015,1.0,0.6714495105523948,1.45,5.0,0.00515,1300.0
256,123,-0.4254029621878826,0.5904798797878317,0.01640058129884383,0.9999768360094208,0.6083971852750392,0.9987743950640711,0.6542879278726991,0.5311611044678033,4.999909660436741,0.011083971852750391,1299.6323185192214
256,124,-0.4254029621878826,0.5904798797878317,0.01640058129884383,0.9999768360094208,0.6083971852750392,0.9987743950640711,0.6542879278726991,0.5311611044678033,4.999909660436741,0.011083971852750391,1299.6323185192214
256,125,-0.4254029621878826,0.5904798797878317,0.01640058129884383,0.9999768360094208,0.6083971852750392,0.9987743950640711,0.6542879278726991,0.5311611044678033,4.999909660436741,0.011083971852750391,1299.6323185192214
256,126,-0.4254029621878826,0.5904798797878317,0.01640058129884383,0.9999768360094208,0.6083971852750392,0.9987743950640711,0.6542879278726991,0.5311611044678033,4.999909660436741,0.011083971852750391,1299.6323185192214
256,127,-0.3170601395285213,0.7918477350051851,0.5,1.0,0.015,1.0,0.7751086410031112,1.45,5.0,0.00515,1300.0
256,128,-0.4254029621878826,0.5904798797878318,0.01640058129884383,0.9999768360094208,0.608397185275039,0.9987743950640711,0.6542879278726992,0.5311611044678033,4.999909660436741,0.01108397185275039,1299.6323185192214
256,129,-0.4254029621878826,0.5904798797878317,0.01640058129884383,0.9999768360094208,0.6083971852750392,0.9987743950640711,0.6542879278726991,0.5311611044678033,4.999909660436741,0.011083971852750391,1299.6323185192214
256,130,-0.4254029621878826,0.5904798797878317,0.01640058129884383,0.9999768360094208,0.6083971852750392,0.9987743950640711,0.6542879278726991,0.5311611044678033,4.999909660436741,0.011083971852750391,1299.6323185192214
256,131,-0.4254029621878826,0.5904798797878317,0.01640058129884383,0.9999768360094208,0.6083971852750392,0.9987743950640711,0.6542879278726991,0.5311611044678033,4.999909660436741,0.011083971852750391,1299.6323185192214
256,132,-0.4254029621878826,0.5904798797878317,0.01640058129884383,0.9999768360094208,0.6083971852750392,0.9987743950640711,0.6542879278726991,0.5311611044678033,4.999909660436741,0.011083971852750391,1299.6323185192214
256,133,-0.4254029621878826,0.5904798797878317,0.01640058129884383,0.9999768360094208,0.6083971852750392,0.9987743950640711,0.6542879278726991,0.5311611044678033,4.999909660436741,0.011083971852750391,1299.6323185192214
256,134,-0.4254029621878826,0.5904798797878317,0.01640058129884383,0.9999768360094208,0.6083971852750392,0.9987743950640711,0.6542879278726991,0.5311611044678033,4.999909660436741,0.011083971852750391,1299.6323185192214
256,135,-0.4254029621878826,0.5904798797878317,0.01640058129884383,0.9999768360094208,0.6083971852750392,0.9987743950640711,0.6542879278726991,0.5311611044678033,4.999909660436741,0.011083971852750391,1299.6323185192214
256,136,-0.4254029621878826,0.5904798797878317,0.01640058129884383,0.9999768360094208,0.6083971852750392,0.9987743950640711,0.6542879278726991,0.5311611044678033,4.999909660436741,0.011083971852750391,1299.6323185192214
256,137,-0.4254029621878826,0.5904798797878317,0.01640058129884383,0.9999768360094208,0.6083971852750392,0.9987743950640711,0.6542879278726991,0.5311611044678033,4.999909660436741,0.011083971852750391,1299.6323185192214
256,138,-0.4254029621878826,0.5904798797878317,0.01640058129884383,0.9999768360094208,0.6083971852750392,0.9987743950640711,0.6542879278726991,0.5311611044678033,4.999909660436741,0.011083971852750391,1299.6323185192214
256,139,-0.319340983810786,0.8081809184702592,0.5,1.0,0.015,1.0,0.7849085510821556,1.45,5.0,0.00515,1300.0
256,140,-0.4254029621878826,0.5904798797878317,0.01640058129884383,0.9999768360094208,0.6083971852750392,0.9987743950640711,0.6542879278726991,0.5311611044678033,4.999909660436741,0.011083971852750391,1299.6323185192214
256,141,-0.4254029621878826,0.5904798797878317,0.01640058129884383,0.9999768360094208,0.6083971852750392,0.9987743950640711,0.6542879278726991,0.5311611044678033,4.999909660436741,0.011083971852750391,1299.6323185192214
256,142,-0.4254029621878826,0.5904798797878317,0.01640058129884383,0.9999768360094208,0.6083971852750392,0.9987743950640711,0.6542879278726991,0.5311611044678033,4.999909660436741,0.011083971852750391,1299.6323185192214
256,143,-0.4254029621878826,0.5904798797878317,0.01640058129884383,0.9999768360094208,0.6083971852750392,0.9987743950640711,0.6542879278726991,0.5311611044678033,4.999909660436741,0.011083971852750391,1299.6323185192214
256,144,-0.4254029621878826,0.5904798797878317,0.01640058129884383,0.9999768360094208,0.6083971852750392,0.9987743950640711,0.6542879278726991,0.5311611044678033,4.999909660436741,0.011083971852750391,1299.6323185192214
256,145,-0.4254029621878826,0.5904798797878317,0.01640058129884383,0.9999768360094208,0.6083971852750392,0.9987743950640711,0.6542879278726991,0.5311611044678033,4.999909660436741,0.011083971852750391,1299.6323185192214
256,146,-0.4254029621878826,0.5904798797878317,0.01640058129884383,0.9999768360094208,0.6083971852750392,0.9987743950640711,0.6542879278726991,0.5311611044678033,4.999909660436741,0.011083971852750391,1299.6323185192214
256,147,-0.4254029621878826,0.5904798797878317,0.01640058129884383,0.9999768360094208,0.6083971852750392,0.9987743950640711,0.6542879278726991,0.5311611044678033,4.999909660436741,0.011083971852750391,1299.6323185192214
256,148,-0.2532576243597048,0.5183685791732258,0.5,1.0,0.015,1.0,0.6110211475039355,1.45,5.0,0.00515,1300.0
256,149,-0.4254029621878826,0.5904798797878317,0.01640058129884383,0.9999768360094208,0.6083971852750392,0.9987743950640711,0.6542879278726991,0.5311611044678033,4.999909660436741,0.011083971852750391,1299.6323185192214
256,150,-0.4254029621878826,0.5904798797878317,0.01640058129884383,0.9999768360094208,0.6083971852750392,0.9987743950640711,0.6542879278726991,0.5311611044678033,4.999909660436741,0.011083971852750391,1299.6323185192214
256,151,-0.4254029621878826,0.5904798797878317,0.01640058129884383,0.9999768360094208,0.6083971852750392,0.9987743950640711,0.6542879278726991,0.5311611044678033,4.999909660436741,0.011083971852750391,1299.6323185192214
256,152,-0.4254029621878826,0.5904798797878317,0.01640058129884383,0.9999768360094208,0.6083971852750392,0.9987743950640711,0.6542879278726991,0.5311611044678033,4.999909660436741,0.011083971852750391,1299.6323185192214
256,153,-0.4254029621878826,0.5904798797878317,0.01640058129884383,0.9999768360094208,0.6083971852750392,0.9987743950640711,0.6542879278726991,0.5311611044678033,4.999909660436741,0.011083971852750391,1299.6323185192214
256,154,-0.4254029621878826,0.5904798797878317,0.01640058129884383,0.9999768360094208,0.6083971852750392,0.9987743950640711,0.6542879278726991,0.5311611044678033,4.999909660436741,0.011083971852750391,1299.6323185192214
256,155,-0.4254029621878826,0.5904798797878318,0.01640058129884383,0.9999768360094208,0.6083971852750392,0.9987743950640711,0.6542879278726992,0.5311611044678033,4.999909660436741,0.011083971852750391,1299.6323185192214
256,156,-0.4254029621878826,0.5904798797878317,0.01640058129884383,0.9999768360094208,0.6083971852750392,0.9987743950640711,0.6542879278726991,0.5311611044678033,4.999909660436741,0.011083971852750391,1299.6323185192214
256,157,-0.30204669948973184,0.7051661137040749,0.5,1.0,0.015,1.0,0.723099668222445,1.45,5.0,0.00515,1300.0
256,158,-0.4254029621878826,0.5904798797878317,0.01640058129884383,0.9999768360094208,0.6083971852750392,0.9987743950640711,0.6542879278726991,0.5311611044678033,4.999909660436741,0.011083971852750391,1299.6323185192214
256,159,-0.4254029621878826,0.5904798797878317,0.01640058129884383,0.9999768360094208,0.6083971852750392,0.9987743950640711,0.6542879278726991,0.5311611044678033,4.999909660436741,0.011083971852750391,1299.6323185192214
256,160,-0.4254029621878826,0.5904798797878317,0.01640058129884383,0.9999768360094208,0.6083971852750392,0.9987743950640711,0.6542879278726991,0.5311611044678033,4.999909660436741,0.011083971852750391,1299.6323185192214
256,161,-0.4254029621878826,0.5904798797878317,0.01640058129884383,0.9999768360094208,0.6083971852750392,0.9987743950640711,0.6542879278726991,0.5311611044678033,4.999909660436741,0.011083971852750391,1299.6323185192214
256,162,-0.4254029621878826,0.5904798797878317,0.01640058129884383,0.9999768360094208,0.6083971852750392,0.9987743950640711,0.6542879278726991,0.5311611044678033,4.999909660436741,0.011083971852750391,1299.6323185192214
256,163,-0.4254029621878826,0.5904798797878317,0.01640058129884383,0.9999768360094208,0.6083971852750392,0.9987743950640711,0.6542879278726991,0.5311611044678033,4.999909660436741,0.011083971852750391,1299.6323185192214
256,164,-0.4254029621878826,0.5904798797878317,0.01640058129884383,0.9999768360094208,0.6083971852750392,0.9987743950640711,0.6542879278726991,0.5311611044678033,4.999909660436741,0.011083971852750391,1299.6323185192214
256,165,-0.4254029621878826,0.5904798797878317,0.01640058129884383,0.9999768360094208,0.6083971852750392,0.9987743950640711,0.6542879278726991,0.5311611044678033,4.999909660436741,0.011083971852750391,1299.6323185192214
256,166,-0.4254029621878826,0.5904798797878317,0.01640058129884383,0.9999768360094208,0.6083971852750392,0.9987743950640711,0.6542879278726991,0.5311611044678033,4.999909660436741,0.011083971852750391,1299.6323185192214
256,167,-0.4254029621878826,0.5904798797878317,0.01640058129884383,0.9999768360094208,0.6083971852750392,0.9987743950640711,0.6542879278726991,0.5311611044678033,4.999909660436741,0.011083971852750391,1299.6323185192214
256,168,-0.4254029621878826,0.5904798797878317,0.01640058129884383,0.9999768360094208,0.6083971852750392,0.9987743950640711,0.6542879278726991,0.5311611044678033,4.999909660436741,0.011083971852750391,1299.6323185192214
256,169,-0.2814776969755715,0.6159319580276198,0.5,1.0,0.015,1.0,0.6695591748165719,1.45,5.0,0.00515,1300.0
256,170,-0.4254029621878826,0.5904798797878317,0.01640058129884383,0.9999768360094208,0.6083971852750392,0.9987743950640711,0.6542879278726991,0.5311611044678033,4.999909660436741,0.011083971852750391,1299.6323185192214
256,171,-0.4254029621878826,0.5904798797878317,0.01640058129884383,0.9999768360094208,0.6083971852750392,0.9987743950640711,0.6542879278726991,0.5311611044678033,4.999909660436741,0.011083971852750391,1299.6323185192214
256,172,-0.4254029621878826,0.5904798797878317,0.01640058129884383,0.9999768360094208,0.6083971852750392,0.9987743950640711,0.6542879278726991,0.5311611044678033,4.999909660436741,0.011083971852750391,1299.6323185192214
256,173,-0.23741985636909774,0.470618511872404,0.5,1.0,0.015,1.0,0.5823711071234424,1.45,5.0,0.00515,1300.0
256,174,-0.4254029621878826,0.5904798797878317,0.01640058129884383,0.9999768360094208,0.6083971852750392,0.9987743950640711,0.6542879278726991,0.5311611044678033,4.999909660436741,0.011083971852750391,1299.6323185192214
256,175,-0.4254029621878826,0.5904798797878317,0.01640058129884383,0.9999768360094208,0.6083971852750392,0.9987743950640711,0.6542879278726991,0.5311611044678033,4.999909660436741,0.011083971852750391,1299.6323185192214
256,176,-0.4254029621878826,0.5904798797878317,0.01640058129884383,0.9999768360094208,0.6083971852750392,0.9987743950640711,0.6542879278726991,0.5311611044678033,4.999909660436741,0.011083971852750391,1299.6323185192214
256,177,-0.4254029621878826,0.5904798797878317,0.01640058129884383,0.9999768360094208,0.6083971852750392,0.998774395064071,0.6542879278726991,0.5311611044678033,4.999909660436741,0.011083971852750391,1299.6323185192214
256,178,-0.4254029621878826,0.5904798797878317,0.01640058129884383,0.9999768360094208,0.6083971852750392,0.9987743950640711,0.6542879278726991,0.5311611044678033,4.999909660436741,0.011083971852750391,1299.6323185192214
256,179,-0.4254029621878826,0.5904798797878317,0.01640058129884383,0.9999768360094208,0.6083971852750392,0.9987743950640711,0.6542879278726991,0.5311611044678033,4.999909660436741,0.011083971852750391,1299.6323185192214
256,180,-0.4254029621878826,0.5904798797878317,0.01640058129884383,0.9999768360094208,0.6083971852750392,0.9987743950640711,0.6542879278726991,0.5311611044678033,4.999909660436741,0.011083971852750391,1299.6323185192214
256,181,-0.4254029621878826,0.5904798797878317,0.01640058129884383,0.9999768360094208,0.6083971852750392,0.9987743950640711,0.6542879278726991,0.5311611044678033,4.999909660436741,0.011083971852750391,1299.6323185192214
256,182,-0.4254029621878826,0.5904798797878317,0.01640058129884383,0.9999768360094208,0.6083971852750392,0.9987743950640711,0.6542879278726991,0.5311611044678033,4.999909660436741,0.011083971852750391,1299.6323185192214
256,183,-0.4254029621878826,0.5904798797878317,0.01640058129884383,0.9999768360094208,0.6083971852750392,0.9987743950640711,0.6542879278726991,0.5311611044678033,4.999909660436741,0.011083971852750391,1299.6323185192214
256,184,-0.4254029621878826,0.5904798797878317,0.01640058129884383,0.9999768360094208,0.6083971852750392,0.9987743950640711,0.6542879278726991,0.5311611044678033,4.999909660436741,0.011083971852750391,1299.6323185192214
256,185,-0.4254029621878826,0.5904798797878317,0.01640058129884383,0.9999768360094208,0.6083971852750392,0.9987743950640711,0.6542879278726991,0.5311611044678033,4.999909660436741,0.011083971852750391,1299.6323185192214
256,186,-0.4254029621878826,0.5904798797878317,0.01640058129884383,0.9999768360094208,0.6083971852750392,0.9987743950640711,0.6542879278726991,0.5311611044678033,4.999909660436741,0.011083971852750391,1299.6323185192214
256,187,-0.4254029621878826,0.5904798797878317,0.01640058129884383,0.9999768360094208,0.6083971852750392,0.9987743950640711,0.6542879278726991,0.5311611044678033,4.999909660436741,0.011083971852750391,1299.6323185192214
256,188,-0.4254029621878826,0.5904798797878317,0.01640058129884383,0.9999768360094208,0.6083971852750392,0.9987743950640711,0.6542879278726991,0.5311611044678033,4.999909660436741,0.011083971852750391,1299.6323185192214
256,189,-0.4254029621878826,0.5904798797878317,0.01640058129884383,0.9999768360094208,0.6083971852750392,0.9987743950640711,0.6542879278726991,0.5311611044678033,4.999909660436741,0.011083971852750391,1299.6323185192214
256,190,-0.4254029621878826,0.5904798797878317,0.01640058129884383,0.9999768360094208,0.6083971852750392,0.9987743950640711,0.6542879278726991,0.5311611044678033,4.999909660436741,0.011083971852750391,1299.6323185192214
256,191,-0.4254029621878826,0.5904798797878317,0.01640058129884383,0.9999768360094208,0.6083971852750392,0.9987743950640711,0.6542879278726991,0.5311611044678033,4.999909660436741,0.011083971852750391,1299.6323185192214
256,192,-0.4254029621878826,0.5904798797878317,0.01640058129884383,0.9999768360094208,0.6083971852750392,0.9987743950640711,0.6542879278726991,0.5311611044678033,4.999909660436741,0.011083971852750391,1299.6323185192214
256,193,-0.4254029621878826,0.5904798797878317,0.01640058129884383,0.9999768360094208,0.6083971852750392,0.9987743950640711,0.6542879278726991,0.5311611044678033,4.999909660436741,0.011083971852750391,1299.6323185192214
256,194,-0.4254029621878826,0.5904798797878317,0.01640058129884383,0.9999768360094208,0.6083971852750392,0.9987743950640711,0.6542879278726991,0.5311611044678033,4.999909660436741,0.011083971852750391,1299.6323185192214
256,195,-0.4254029621878826,0.5904798797878317,0.01640058129884383,0.9999768360094208,0.6083971852750392,0.9987743950640711,0.6542879278726991,0.5311611044678033,4.999909660436741,0.011083971852750391,1299.6323185192214
256,196,-0.4254029621878826,0.5904798797878317,0.01640058129884383,0.9999768360094208,0.6083971852750392,0.9987743950640711,0.6542879278726991,0.5311611044678033,4.999909660436741,0.011083971852750391,1299.6323185192214
256,197,-0.4254029621878826,0.5904798797878317,0.01640058129884383,0.9999768360094208,0.6083971852750392,0.9987743950640711,0.6542879278726991,0.5311611044678033,4.999909660436741,0.011083971852750391,1299.6323185192214
256,198,-0.4254029621878826,0.5904798797878317,0.01640058129884383,0.9999768360094208,0.6083971852750392,0.9987743950640711,0.6542879278726991,0.5311611044678033,4.999909660436741,0.011083971852750391,1299.6323185192214
256,199,-0.2636082646424686,0.5519097884689215,0.5,1.0,0.015,1.0,0.6311458730813528,1.45,5.0,0.00515,1300.0
