iteration,candidate_index,objective,phi_n,u_avg_n,ar_n,lt_1_n,a_0_n,phi,u_avg,ar,lt_1,a_0
318,0,-0.431886938011193,0.5597026178940512,0.0052477083463783065,0.9999998474417577,0.5998265174606965,0.8675298078334782,0.6358215707364308,0.5099706458581188,4.999999405022855,0.010998265174606964,1260.2589423500435
318,1,-0.431886938011193,0.5597026178940512,0.0052477083463783065,0.9999998474417577,0.5998265174606965,0.8675298078334781,0.6358215707364308,0.5099706458581188,4.999999405022855,0.010998265174606964,1260.2589423500435
318,2,-0.25189883380130984,0.5141166270405372,0.5,1.0,0.015,1.0,0.6084699762243224,1.45,5.0,0.00515,1300.0
318,3,-0.431886938011193,0.5597026178940512,0.0052477083463783065,0.9999998474417577,0.5998265174606965,0.8675298078334781,0.6358215707364308,0.5099706458581188,4.999999405022855,0.010998265174606964,1260.2589423500435
318,4,-0.431886938011193,0.5597026178940512,0.0052477083463783065,0.9999998474417577,0.5998265174606965,0.8675298078334781,0.6358215707364308,0.5099706458581188,4.999999405022855,0.010998265174606964,1260.2589423500435
318,5,-0.431886938011193,0.5597026178940512,0.0052477083463783065,0.9999998474417577,0.5998265174606965,0.8675298078334781,0.6358215707364308,0.5099706458581188,4.999999405022855,0.010998265174606964,1260.2589423500435
318,6,-0.2564068283673925,0.5283508285412479,0.5,1.0,0.015,1.0,0.6170104971247488,1.45,5.0,0.00515,1300.0
318,7,-0.431886938011193,0.5597026178940512,0.0052477083463783065,0.9999998474417577,0.5998265174606965,0.8675298078334781,0.6358215707364308,0.5099706458581188,4.999999405022855,0.010998265174606964,1260.2589423500435
318,8,-0.431886938011193,0.5597026178940512,0.0052477083463783065,0.9999998474417577,0.5998265174606965,0.8675298078334781,0.6358215707364308,0.5099706458581188,4.999999405022855,0.010998265174606964,1260.2589423500435
318,9,-0.431886938011193,0.5597026178940512,0.0052477083463783065,0.9999998474417577,0.5998265174606965,0.8675298078334781,0.6358215707364308,0.5099706458581188,4.999999405022855,0.010998265174606964,1260.2589423500435
318,10,-0.431886938011193,0.5597026178940512,0.0052477083463783065,0.9999998474417577,0.5998265174606965,0.8675298078334781,0.6358215707364308,0.5099706458581188,4.999999405022855,0.010998265174606964,1260.2589423500435
318,11,-0.431886938011193,0.5597026178940512,0.0052477083463783065,0.9999998474417577,0.5998265174606965,0.8675298078334781,0.6358215707364308,0.5099706458581188,4.999999405022855,0.010998265174606964,1260.2589423500435
318,12,-0.431886938011193,0.5597026178940512,0.0052477083463783065,0.9999998474417577,0.5998265174606965,0.8675298078334782,0.6358215707364308,0.5099706458581188,4.999999405022855,0.010998265174606964,1260.2589423500435
318,13,-0.431886938011193,0.5597026178940512,0.0052477083463783065,0.9999998474417577,0.5998265174606965,0.8675298078334781,0.6358215707364308,0.5099706458581188,4.999999405022855,0.010998265174606964,1260.2589423500435
318,14,-0.431886938011193,0.5597026178940512,0.0052477083463783065,0.9999998474417577,0.5998265174606965,0.8675298078334781,0.6358215707364308,0.5099706458581188,4.999999405022855,0.010998265174606964,1260.2589423500435
318,15,-0.431886938011193,0.5597026178940512,0.0052477083463783065,0.9999998474417577,0.5998265174606965,0.8675298078334781,0.6358215707364308,0.5099706458581188,4.999999405022855,0.010998265174606964,1260.2589423500435
318,16,-0.431886938011193,0.5597026178940512,0.0052477083463783065,0.9999998474417577,0.5998265174606965,0.8675298078334781,0.6358215707364308,0.5099706458581188,4.999999405022855,0.010998265174606964,1260.2589423500435
318,17,-0.431886938011193,0.5597026178940512,0.0052477083463783065,0.9999998474417577,0.5998265174606965,0.8675298078334781,0.6358215707364308,0.5099706458581188,4.999999405022855,0.010998265174606964,1260.2589423500435
318,18,-0.431886938011193,0.5597026178940512,0.0052477083463783065,0.9999998474417577,0.5998265174606965,0.8675298078334781,0.6358215707364308,0.5099706458581188,4.999999405022855,0.010998265174606964,1260.2589423500435
318,19,-0.431886938011193,0.5597026178940512,0.0052477083463783065,0.9999998474417577,0.5998265174606965,0.8675298078334781,0.6358215707364308,0.5099706458581188,4.999999405022855,0.010998265174606964,1260.2589423500435
318,20,-0.431886938011193,0.5597026178940512,0.0052477083463783065,0.9999998474417577,0.5998265174606965,0.8675298078334781,0.6358215707364308,0.5099706458581188,4.999999405022855,0.010998265174606964,1260.2589423500435
318,21,-0.26565784368739503,0.5588196041644737,0.5,1.0,0.015,1.0,0.6352917624986842,1.45,5.0,0.00515,1300.0
318,22,-0.431886938011193,0.5597026178940512,0.0052477083463783065,0.9999998474417577,0.5998265174606965,0.8675298078334781,0.6358215707364308,0.5099706458581188,4.999999405022855,0.010998265174606964,1260.2589423500435
318,23,-0.431886938011193,0.5597026178940512,0.0052477083463783065,0.9999998474417577,0.5998265174606965,0.8675298078334781,0.6358215707364308,0.5099706458581188,4.999999405022855,0.010998265174606964,1260.2589423500435
318,24,-0.2456279400304836,0.49489233643890385,0.5,1.0,0.015,1.0,0.5969354018633424,1.45,5.0,0.00515,1300.0
318,25,-0.431886938011193,0.5597026178940512,0.0052477083463783065,0.9999998474417577,0.5998265174606965,0.8675298078334781,0.6358215707364308,0.5099706458581188,4.999999405022855,0.010998265174606964,1260.2589423500435
318,26,-0.431886938011193,0.5597026178940512,0.0052477083463783065,0.9999998474417577,0.5998265174606965,0.8675298078334782,0.6358215707364308,0.5099706458581188,4.999999405022855,0.010998265174606964,1260.2589423500435
318,27,-0.431886938011193,0.5597026178940512,0.0052477083463783065,0.9999998474417577,0.5998265174606965,0.8675298078334781,0.6358215707364308,0.5099706458581188,4.999999405022855,0.010998265174606964,1260.2589423500435
318,28,-0.431886938011193,0.5597026178940512,0.0052477083463783065,0.9999998474417577,0.5998265174606965,0.8675298078334781,0.6358215707364308,0.5099706458581188,4.999999405022855,0.010998265174606964,1260.2589423500435
318,29,-0.431886938011193,0.5597026178940512,0.0052477083463783065,0.9999998474417577,0.5998265174606965,0.8675298078334781,0.6358215707364308,0.5099706458581188,4.999999405022855,0.010998265174606964,1260.2589423500435
318,30,-0.431886938011193,0.5597026178940512,0.0052477083463783065,0.9999998474417577,0.5998265174606965,0.8675298078334781,0.6358215707364308,0.5099706458581188,4.999999405022855,0.010998265174606964,1260.2589423500435
318,31,-0.2960900054829787,0.6769037969861197,0.5,1.0,0.015,1.0,0.7061422781916719,1.45,5.0,0.00515,1300.0
318,32,-0.2235273770664309,0.43144394879189707,0.5,1.0,0.015,1.0,0.5588663692751383,1.45,5.0,0.00515,1300.0
318,33,-0.431886938011193,0.5597026178940512,0.0052477083463783065,0.9999998474417577,0.5998265174606965,0.8675298078334781,0.6358215707364308,0.5099706458581188,4.999999405022855,0.010998265174606964,1260.2589423500435
318,34,-0.431886938011193,0.5597026178940512,0.0052477083463783065,0.9999998474417577,0.5998265174606965,0.8675298078334781,0.6358215707364308,0.5099706458581188,4.999999405022855,0.010998265174606964,1260.2589423500435
318,35,-0.431886938011193,0.5597026178940512,0.0052477083463783065,0.9999998474417577,0.5998265174606965,0.8675298078334781,0.6358215707364308,0.5099706458581188,4.999999405022855,0.010998265174606964,1260.2589423500435
318,36,-0.431886938011193,0.5597026178940512,0.0052477083463783065,0.9999998474417577,0.5998265174606965,0.8675298078334781,0.6358215707364308,0.5099706458581188,4.999999405022855,0.010998265174606964,1260.2589423500435
318,37,-0.431886938011193,0.5597026178940512,0.0052477083463783065,0.9999998474417577,0.5998265174606965,0.8675298078334781,0.6358215707364308,0.5099706458581188,4.999999405022855,0.010998265174606964,1260.2589423500435
318,38,-0.431886938011193,0.5597026178940512,0.0052477083463783065,0.9999998474417577,0.5998265174606965,0.8675298078334782,0.6358215707364308,0.5099706458581188,4.999999405022855,0.010998265174606964,1260.2589423500435
318,39,-0.431886938011193,0.5597026178940512,0.0052477083463783065,0.9999998474417577,0.5998265174606965,0.8675298078334781,0.6358215707364308,0.5099706458581188,4.999999405022855,0.010998265174606964,1260.2589423500435
318,40,-0.431886938011193,0.5597026178940512,0.0052477083463783065,0.9999998474417577,0.5998265174606965,0.8675298078334781,0.6358215707364308,0.5099706458581188,4.999999405022855,0.010998265174606964,1260.2589423500435
318,41,-0.431886938011193,0.5597026178940512,0.0052477083463783065,0.9999998474417577,0.5998265174606965,0.8675298078334781,0.6358215707364308,0.5099706458581188,4.999999405022855,0.010998265174606964,1260.2589423500435
318,42,-0.431886938011193,0.5597026178940512,0.0052477083463783065,0.9999998474417577,0.5998265174606965,0.8675298078334781,0.6358215707364308,0.5099706458581188,4.999999405022855,0.010998265174606964,1260.2589423500435
318,43,-0.26446784876125273,0.5547959725363422,0.5,1.0,0.015,1.0,0.6328775835218053,1.45,5.0,0.00515,1300.0
318,44,-0.431886938011193,0.5597026178940512,0.0052477083463783065,0.9999998474417577,0.5998265174606965,0.8675298078334781,0.6358215707364308,0.5099706458581188,4.999999405022855,0.010998265174606964,1260.2589423500435
318,45,-0.431886938011193,0.5597026178940512,0.0052477083463783065,0.9999998474417577,0.5998265174606965,0.8675298078334781,0.6358215707364308,0.5099706458581188,4.999999405022855,0.010998265174606964,1260.2589423500435
318,46,-0.431886938011193,0.5597026178940512,0.0052477083463783065,0.9999998474417577,0.5998265174606965,0.8675298078334781,0.6358215707364308,0.5099706458581188,4.999999405022855,0.010998265174606964,1260.2589423500435
318,47,-0.431886938011193,0.5597026178940512,0.0052477083463783065,0.9999998474417577,0.5998265174606965,0.8675298078334781,0.6358215707364308,0.5099706458581188,4.999999405022855,0.010998265174606964,1260.2589423500435
318,48,-0.431886938011193,0.5597026178940512,0.0052477083463783065,0.9999998474417577,0.5998265174606965,0.8675298078334781,0.6358215707364308,0.5099706458581188,4.999999405022855,0.010998265174606964,1260.2589423500435
318,49,-0.431886938011193,0.5597026178940512,0.0052477083463783065,0.9999998474417577,0.5998265174606965,0.8675298078334781,0.6358215707364308,0.5099706458581188,4.999999405022855,0.010998265174606964,1260.2589423500435
318,50,-0.26080007820202755,0.5425948072958406,0.5,1.0,0.015,1.0,0.6255568843775043,1.45,5.0,0.00515,1300.0
318,51,-0.431886938011193,0.5597026178940512,0.0052477083463783065,0.9999998474417577,0.5998265174606965,0.8675298078334781,0.6358215707364308,0.5099706458581188,4.999999405022855,0.010998265174606964,1260.2589423500435
318,52,-0.2759261112456204,0.5950416246277772,0.5,1.0,0.015,1.0,0.6570249747766663,1.45,5.0,0.00515,1300.0
318,53,-0.24741997161478574,0.500321865354286,0.5,1.0,0.015,1.0,0.6001931192125716,1.45,5.0,0.00515,1300.0
318,54,-0.431886938011193,0.5597026178940512,0.0052477083463783065,0.9999998474417577,0.5998265174606965,0.8675298078334781,0.6358215707364308,0.5099706458581188,4.999999405022855,0.010998265174606964,1260.2589423500435
318,55,-0.431886938011193,0.5597026178940512,0.0052477083463783065,0.9999998474417577,0.5998265174606965,0.8675298078334781,0.6358215707364308,0.5099706458581188,4.999999405022855,0.010998265174606964,1260.2589423500435
318,56,-0.431886938011193,0.5597026178940512,0.0052477083463783065,0.9999998474417577,0.5998265174606965,0.8675298078334781,0.6358215707364308,0.5099706458581188,4.999999405022855,0.010998265174606964,1260.2589423500435
318,57,-0.27094241806002156,0.577106015789591,0.5,1.0,0.015,1.0,0.6462636094737546,1.45,5.0,0.00515,1300.0
318,58,-0.2933062297487228,0.6644766728426071,0.5,1.0,0.015,1.0,0.6986860037055643,1.45,5.0,0.00515,1300.0
318,59,-0.431886938011193,0.5597026178940512,0.0052477083463783065,0.9999998474417577,0.5998265174606965,0.8675298078334781,0.6358215707364308,0.5099706458581188,4.999999405022855,0.010998265174606964,1260.2589423500435
318,60,-0.19660658499113445,0.36059401098475896,0.5,1.0,0.015,1.0,0.5163564065908555,1.45,5.0,0.00515,1300.0
318,61,-0.431886938011193,0.5597026178940512,0.0052477083463783065,0.9999998474417577,0.5998265174606965,0.8675298078334781,0.6358215707364308,0.5099706458581188,4.999999405022855,0.010998265174606964,1260.2589423500435
318,62,-0.431886938011193,0.5597026178940512,0.0052477083463783065,0.9999998474417577,0.5998265174606965,0.8675298078334781,0.6358215707364308,0.5099706458581188,4.999999405022855,0.010998265174606964,1260.2589423500435
318,63,-0.431886938011193,0.5597026178940512,0.0052477083463783065,0.9999998474417577,0.5998265174606965,0.8675298078334781,0.6358215707364308,0.5099706458581188,4.999999405022855,0.010998265174606964,1260.2589423500435
318,64,-0.431886938011193,0.5597026178940512,0.0052477083463783065,0.9999998474417577,0.5998265174606965,0.8675298078334781,0.6358215707364308,0.5099706458581188,4.999999405022855,0.010998265174606964,1260.2589423500435
318,65,-0.431886938011193,0.5597026178940512,0.0052477083463783065,0.9999998474417577,0.5998265174606965,0.8675298078334781,0.6358215707364308,0.5099706458581188,4.999999405022855,0.010998265174606964,1260.2589423500435
318,66,-0.431886938011193,0.5597026178940512,0.0052477083463783065,0.9999998474417577,0.5998265174606965,0.8675298078334781,0.6358215707364308,0.5099706458581188,4.999999405022855,0.010998265174606964,1260.2589423500435
318,67,-0.2376386604990704,0.4712537091688554,0.5,1.0,0.015,1.0,0.5827522255013133,1.45,5.0,0.00515,1300.0
318,68,-0.431886938011193,0.5597026178940512,0.0052477083463783065,0.9999998474417577,0.5998265174606965,0.8675298078334781,0.6358215707364308,0.5099706458581188,4.999999405022855,0.010998265174606964,1260.2589423500435
318,69,-0.431886938011193,0.5597026178940512,0.0052477083463783065,0.9999998474417577,0.5998265174606965,0.8675298078334781,0.6358215707364308,0.5099706458581188,4.999999405022855,0.010998265174606964,1260.2589423500435
318,70,-0.431886938011193,0.5597026178940512,0.0052477083463783065,0.9999998474417577,0.5998265174606965,0.8675298078334781,0.6358215707364308,0.5099706458581188,4.999999405022855,0.010998265174606964,1260.2589423500435
318,71,-0.431886938011193,0.5597026178940512,0.0052477083463783065,0.9999998474417577,0.5998265174606965,0.8675298078334781,0.6358215707364308,0.5099706458581188,4.999999405022855,0.010998265174606964,1260.2589423500435
318,72,-0.431886938011193,0.5597026178940512,0.0052477083463783065,0.9999998474417577,0.5998265174606965,0.8675298078334781,0.6358215707364308,0.5099706458581188,4.999999405022855,0.010998265174606964,1260.2589423500435
318,73,-0.431886938011193,0.5597026178940512,0.0052477083463783065,0.9999998474417577,0.5998265174606965,0.8675298078334781,0.6358215707364308,0.5099706458581188,4.999999405022855,0.010998265174606964,1260.2589423500435
318,74,-0.431886938011193,0.5597026178940512,0.0052477083463783065,0.9999998474417577,0.5998265174606965,0.8675298078334781,0.6358215707364308,0.5099706458581188,4.999999405022855,0.010998265174606964,1260.2589423500435
318,75,-0.431886938011193,0.5597026178940512,0.0052477083463783065,0.9999998474417577,0.5998265174606965,0.8675298078334781,0.6358215707364308,0.5099706458581188,4.999999405022855,0.010998265174606964,1260.2589423500435
318,76,-0.431886938011193,0.5597026178940512,0.0052477083463783065,0.9999998474417577,0.5998265174606965,0.8675298078334781,0.6358215707364308,0.5099706458581188,4.999999405022855,0.010998265174606964,1260.2589423500435
318,77,-0.431886938011193,0.5597026178940512,0.0052477083463783065,0.9999998474417577,0.5998265174606965,0.8675298078334781,0.6358215707364308,0.5099706458581188,4.999999405022855,0.010998265174606964,1260.2589423500435
318,78,-0.431886938011193,0.5597026178940512,0.0052477083463783065,0.9999998474417577,0.5998265174606965,0.8675298078334781,0.6358215707364308,0.5099706458581188,4.999999405022855,0.010998265174606964,1260.2589423500435
318,79,-0.431886938011193,0.5597026178940512,0.0052477083463783065,0.9999998474417577,0.5998265174606965,0.8675298078334781,0.6358215707364308,0.5099706458581188,4.999999405022855,0.010998265174606964,1260.2589423500435
318,80,-0.431886938011193,0.5597026178940512,0.0052477083463783065,0.9999998474417577,0.5998265174606965,0.8675298078334781,0.6358215707364308,0.5099706458581188,4.999999405022855,0.010998265174606964,1260.2589423500435
318,81,-0.431886938011193,0.5597026178940512,0.0052477083463783065,0.9999998474417577,0.5998265174606965,0.8675298078334781,0.6358215707364308,0.5099706458581188,4.999999405022855,0.010998265174606964,1260.2589423500435
318,82,-0.22041443300073732,0.4229460672038472,0.5,1.0,0.015,1.0,0.5537676403223084,1.45,5.0,0.00515,1300.0
318,83,-0.431886938011193,0.5597026178940512,0.0052477083463783065,0.9999998474417577,0.5998265174606965,0.8675298078334781,0.6358215707364308,0.5099706458581188,4.999999405022855,0.010998265174606964,1260.2589423500435
318,84,-0.431886938011193,0.5597026178940512,0.0052477083463783065,0.9999998474417577,0.5998265174606965,0.8675298078334781,0.6358215707364308,0.5099706458581188,4.999999405022855,0.010998265174606964,1260.2589423500435
318,85,-0.431886938011193,0.5597026178940512,0.0052477083463783065,0.9999998474417577,0.5998265174606965,0.8675298078334781,0.6358215707364308,0.5099706458581188,4.999999405022855,0.010998265174606964,1260.2589423500435
318,86,-0.431886938011193,0.5597026178940512,0.0052477083463783065,0.9999998474417577,0.5998265174606965,0.8675298078334781,0.6358215707364308,0.5099706458581188,4.999999405022855,0.010998265174606964,1260.2589423500435
318,87,-0.2540359013024328,0.520818681252565,0.5,1.0,0.015,1.0,0.6124912087515391,1.45,5.0,0.00515,1300.0
318,88,-0.431886938011193,0.5597026178940512,0.0052477083463783065,0.9999998474417577,0.5998265174606965,0.8675298078334781,0.6358215707364308,0.5099706458581188,4.999999405022855,0.010998265174606964,1260.2589423500435
318,89,-0.431886938011193,0.5597026178940512,0.0052477083463783065,0.9999998474417577,0.5998265174606965,0.8675298078334781,0.6358215707364308,0.5099706458581188,4.999999405022855,0.010998265174606964,1260.2589423500435
318,90,-0.431886938011193,0.5597026178940512,0.0052477083463783065,0.9999998474417577,0.5998265174606965,0.8675298078334781,0.6358215707364308,0.5099706458581188,4.999999405022855,0.010998265174606964,1260.2589423500435
318,91,-0.431886938011193,0.5597026178940512,0.0052477083463783065,0.9999998474417577,0.5998265174606965,0.8675298078334781,0.6358215707364308,0.5099706458581188,4.999999405022855,0.010998265174606964,1260.2589423500435
318,92,-0.431886938011193,0.5597026178940512,0.0052477083463783065,0.9999998474417577,0.5998265174606965,0.8675298078334781,0.6358215707364308,0.5099706458581188,4.999999405022855,0.010998265174606964,1260.2589423500435
318,93,-0.2830519547112039,0.6220520613844809,0.5,1.0,0.015,1.0,0.6732312368306885,1.45,5.0,0.00515,1300.0
318,94,-0.431886938011193,0.5597026178940512,0.0052477083463783065,0.9999998474417577,0.5998265174606965,0.8675298078334781,0.6358215707364308,0.5099706458581188,4.999999405022855,0.010998265174606964,1260.2589423500435
318,95,-0.431886938011193,0.5597026178940512,0.0052477083463783065,0.9999998474417577,0.5998265174606965,0.8675298078334781,0.6358215707364308,0.5099706458581188,4.999999405022855,0.010998265174606964,1260.2589423500435
318,96,-0.431886938011193,0.5597026178940512,0.0052477083463783065,0.9999998474417577,0.5998265174606965,0.8675298078334781,0.6358215707364308,0.5099706458581188,4.999999405022855,0.010998265174606964,1260.2589423500435
318,97,-0.431886938011193,0.5597026178940512,0.0052477083463783065,0.9999998474417577,0.5998265174606965,0.8675298078334781,0.6358215707364308,0.5099706458581188,4.999999405022855,0.010998265174606964,1260.2589423500435
318,98,-0.431886938011193,0.5597026178940512,0.0052477083463783065,0.9999998474417577,0.5998265174606965,0.8675298078334781,0.6358215707364308,0.5099706458581188,4.999999405022855,0.010998265174606964,1260.2589423500435
318,99,-0.431886938011193,0.5597026178940512,0.0052477083463783065,0.9999998474417577,0.5998265174606965,0.8675298078334781,0.6358215707364308,0.5099706458581188,4.999999405022855,0.010998265174606964,1260.2589423500435
318,100,-0.431886938011193,0.5597026178940512,0.0052477083463783065,0.9999998474417577,0.5998265174606965,0.8675298078334781,0.6358215707364308,0.5099706458581188,4.999999405022855,0.010998265174606964,1260.2589423500435
318,101,-0.25397710322757405,0.5206331987730616,0.5,1.0,0.015,1.0,0.6123799192638371,1.45,5.0,0.00515,1300.0
318,102,-0.431886938011193,0.5597026178940512,0.0052477083463783065,0.9999998474417577,0.5998265174606965,0.8675298078334781,0.6358215707364308,0.5099706458581188,4.999999405022855,0.010998265174606964,1260.2589423500435
318,103,-0.431886938011193,0.5597026178940512,0.0052477083463783065,0.9999998474417577,0.5998265174606965,0.8675298078334781,0.6358215707364308,0.5099706458581188,4.999999405022855,0.010998265174606964,1260.2589423500435
318,104,-0.20571009029718237,0.3839436022803538,0.5,1.0,0.015,1.0,0.5303661613682122,1.45,5.0,0.00515,1300.0
318,105,-0.2959786930770418,0.6763981458734438,0.5,1.0,0.015,1.0,0.7058388875240663,1.45,5.0,0.00515,1300.0
318,106,-0.431886938011193,0.5597026178940512,0.0052477083463783065,0.9999998474417577,0.5998265174606965,0.8675298078334781,0.6358215707364308,0.5099706458581188,4.999999405022855,0.010998265174606964,1260.2589423500435
318,107,-0.431886938011193,0.5597026178940512,0.0052477083463783065,0.9999998474417577,0.5998265174606965,0.8675298078334781,0.6358215707364308,0.5099706458581188,4.999999405022855,0.010998265174606964,1260.2589423500435
318,108,-0.431886938011193,0.5597026178940512,0.0052477083463783065,0.9999998474417577,0.5998265174606965,0.8675298078334781,0.6358215707364308,0.5099706458581188,4.999999405022855,0.010998265174606964,1260.2589423500435
318,109,-0.431886938011193,0.5597026178940512,0.0052477083463783065,0.9999998474417577,0.5998265174606965,0.8675298078334781,0.6358215707364308,0.5099706458581188,4.999999405022855,0.010998265174606964,1260.2589423500435
318,110,-0.431886938011193,0.5597026178940512,0.0052477083463783065,0.9999998474417577,0.5998265174606965,0.8675298078334781,0.6358215707364308,0.5099706458581188,4.999999405022855,0.010998265174606964,1260.2589423500435
318,111,-0.431886938011193,0.5597026178940512,0.0052477083463783065,0.9999998474417577,0.5998265174606965,0.8675298078334781,0.6358215707364308,0.5099706458581188,4.999999405022855,0.010998265174606964,1260.2589423500435
318,112,-0.431886938011193,0.5597026178940512,0.0052477083463783065,0.9999998474417577,0.5998265174606965,0.8675298078334781,0.6358215707364308,0.5099706458581188,4.999999405022855,0.010998265174606964,1260.2589423500435
318,113,-0.431886938011193,0.5597026178940512,0.0052477083463783065,0.9999998474417577,0.5998265174606965,0.8675298078334781,0.6358215707364308,0.5099706458581188,4.999999405022855,0.010998265174606964,1260.2589423500435
318,114,-0.431886938011193,0.5597026178940512,0.0052477083463783065,0.9999998474417577,0.5998265174606965,0.8675298078334781,0.6358215707364308,0.5099706458581188,4.999999405022855,0.010998265174606964,1260.2589423500435
318,115,-0.431886938011193,0.5597026178940512,0.0052477083463783065,0.9999998474417577,0.5998265174606965,0.8675298078334781,0.6358215707364308,0.5099706458581188,4.999999405022855,0.010998265174606964,1260.2589423500435
318,116,-0.431886938011193,0.5597026178940512,0.0052477083463783065,0.9999998474417577,0.5998265174606965,0.8675298078334781,0.6358215707364308,0.5099706458581188,4.999999405022855,0.010998265174606964,1260.2589423500435
318,117,-0.431886938011193,0.5597026178940512,0.0052477083463783065,0.9999998474417577,0.5998265174606965,0.8675298078334781,0.6358215707364308,0.5099706458581188,4.999999405022855,0.010998265174606964,1260.2589423500435
318,118,-0.431886938011193,0.5597026178940512,0.0052477083463783065,0.9999998474417577,0.5998265174606965,0.8675298078334782,0.6358215707364308,0.5099706458581188,4.999999405022855,0.010998265174606964,1260.2589423500435
318,119,-0.431886938011193,0.5597026178940512,0.0052477083463783065,0.9999998474417577,0.5998265174606965,0.8675298078334781,0.6358215707364308,0.5099706458581188,4.999999405022855,0.010998265174606964,1260.2589423500435
318,120,-0.431886938011193,0.5597026178940512,0.0052477083463783065,0.9999998474417577,0.5998265174606965,0.8675298078334781,0.6358215707364308,0.5099706458581188,4.999999405022855,0.010998265174606964,1260.2589423500435
318,121,-0.26473033582294175,0.5556806737201884,0.5,1.0,0.015,1.0,0.6334084042321131,1.45,5.0,0.00515,1300.0
318,122,-0.431886938011193,0.5597026178940512,0.0052477083463783065,0.9999998474417577,0.5998265174606965,0.8675298078334781,0.6358215707364308,0.5099706458581188,4.999999405022855,0.010998265174606964,1260.2589423500435
318,123,-0.431886938011193,0.5597026178940512,0.0052477083463783065,0.9999998474417577,0.5998265174606965,0.8675298078334781,0.6358215707364308,0.5099706458581188,4.999999405022855,0.010998265174606964,1260.2589423500435
318,124,-0.431886938011193,0.5597026178940512,0.0052477083463783065,0.9999998474417577,0.5998265174606965,0.8675298078334781,0.6358215707364308,0.5099706458581188,4.999999405022855,0.010998265174606964,1260.2589423500435
318,125,-0.431886938011193,0.5597026178940512,0.0052477083463783065,0.9999998474417577,0.5998265174606965,0.8675298078334781,0.6358215707364308,0.5099706458581188,4.999999405022855,0.010998265174606964,1260.2589423500435
318,126,-0.2670750470418867,0.563655177169648,0.5,1.0,0.015,1.0,0.6381931063017888,1.45,5.0,0.00515,1300.0
318,127,-0.431886938011193,0.5597026178940512,0.0052477083463783065,0.9999998474417577,0.5998265174606965,0.8675298078334781,0.6358215707364308,0.5099706458581188,4.999999405022855,0.010998265174606964,1260.2589423500435
318,128,-0.431886938011193,0.5597026178940512,0.0052477083463783065,0.9999998474417577,0.5998265174606965,0.8675298078334781,0.6358215707364308,0.5099706458581188,4.999999405022855,0.010998265174606964,1260.2589423500435
318,129,-0.431886938011193,0.5597026178940512,0.0052477083463783065,0.9999998474417577,0.5998265174606965,0.8675298078334781,0.6358215707364308,0.5099706458581188,4.999999405022855,0.010998265174606964,1260.2589423500435
318,130,-0.3062375407278064,0.7267135238103749,0.5,1.0,0.015,1.0,0.736028114286225,1.45,5.0,0.00515,1300.0
318,131,-0.431886938011193,0.5597026178940512,0.0052477083463783065,0.9999998474417577,0.5998265174606965,0.8675298078334781,0.6358215707364308,0.5099706458581188,4.999999405022855,0.010998265174606964,1260.2589423500435
318,132,-0.431886938011193,0.5597026178940512,0.0052477083463783065,0.9999998474417577,0.5998265174606965,0.8675298078334781,0.6358215707364308,0.5099706458581188,4.999999405022855,0.010998265174606964,1260.2589423500435
318,133,-0.431886938011193,0.5597026178940512,0.0052477083463783065,0.9999998474417577,0.5998265174606965,0.8675298078334781,0.6358215707364308,0.5099706458581188,4.999999405022855,0.010998265174606964,1260.2589423500435
318,134,-0.431886938011193,0.5597026178940512,0.0052477083463783065,0.9999998474417577,0.5998265174606965,0.8675298078334781,0.6358215707364308,0.5099706458581188,4.999999405022855,0.010998265174606964,1260.2589423500435
318,135,-0.431886938011193,0.5597026178940512,0.0052477083463783065,0.9999998474417577,0.5998265174606965,0.8675298078334781,0.6358215707364308,0.5099706458581188,4.999999405022855,0.010998265174606964,1260.2589423500435
318,136,-0.431886938011193,0.5597026178940512,0.0052477083463783065,0.9999998474417577,0.5998265174606965,0.8675298078334781,0.6358215707364308,0.5099706458581188,4.999999405022855,0.010998265174606964,1260.2589423500435
318,137,-0.23832515956278336,0.47325066469610816,0.5,1.0,0.015,1.0,0.5839503988176649,1.45,5.0,0.00515,1300.0
318,138,-0.431886938011193,0.5597026178940512,0.0052477083463783065,0.9999998474417577,0.5998265174606965,0.8675298078334781,0.6358215707364308,0.5099706458581188,4.999999405022855,0.010998265174606964,1260.2589423500435
318,139,-0.431886938011193,0.5597026178940512,0.0052477083463783065,0.9999998474417577,0.5998265174606965,0.8675298078334781,0.6358215707364308,0.5099706458581188,4.999999405022855,0.010998265174606964,1260.2589423500435
318,140,-0.431886938011193,0.5597026178940512,0.0052477083463783065,0.9999998474417577,0.5998265174606965,0.8675298078334781,0.6358215707364308,0.5099706458581188,4.999999405022855,0.010998265174606964,1260.2589423500435
318,141,-0.431886938011193,0.5597026178940512,0.0052477083463783065,0.9999998474417577,0.5998265174606965,0.8675298078334781,0.6358215707364308,0.5099706458581188,4.999999405022855,0.010998265174606964,1260.2589423500435
318,142,-0.21774078875457364,0.4157196642268294,0.5,1.0,0.015,1.0,0.5494317985360977,1.45,5.0,0.00515,1300.0
318,143,-0.431886938011193,0.5597026178940512,0.0052477083463783065,0.9999998474417577,0.5998265174606965,0.8675298078334781,0.6358215707364308,0.5099706458581188,4.999999405022855,0.010998265174606964,1260.2589423500435
318,144,-0.431886938011193,0.5597026178940512,0.0052477083463783065,0.9999998474417577,0.5998265174606965,0.8675298078334781,0.6358215707364308,0.5099706458581188,4.999999405022855,0.010998265174606964,1260.2589423500435
318,145,-0.431886938011193,0.5597026178940512,0.0052477083463783065,0.9999998474417577,0.5998265174606965,0.8675298078334781,0.6358215707364308,0.5099706458581188,4.999999405022855,0.010998265174606964,1260.2589423500435
318,146,-0.431886938011193,0.5597026178940512,0.0052477083463783065,0.9999998474417577,0.5998265174606965,0.8675298078334781,0.6358215707364308,0.5099706458581188,4.999999405022855,0.010998265174606964,1260.2589423500435
318,147,-0.431886938011193,0.5597026178940512,0.0052477083463783065,0.9999998474417577,0.5998265174606965,0.8675298078334781,0.6358215707364308,0.5099706458581188,4.999999405022855,0.010998265174606964,1260.2589423500435
318,148,-0.431886938011193,0.5597026178940512,0.0052477083463783065,0.9999998474417577,0.5998265174606965,0.8675298078334781,0.6358215707364308,0.5099706458581188,4.999999405022855,0.010998265174606964,1260.2589423500435
318,149,-0.431886938011193,0.5597026178940512,0.0052477083463783065,0.9999998474417577,0.5998265174606965,0.8675298078334782,0.6358215707364308,0.5099706458581188,4.999999405022855,0.010998265174606964,1260.2589423500435
318,150,-0.431886938011193,0.5597026178940512,0.0052477083463783065,0.9999998474417577,0.5998265174606965,0.8675298078334781,0.6358215707364308,0.5099706458581188,4.999999405022855,0.010998265174606964,1260.2589423500435
318,151,-0.431886938011193,0.5597026178940512,0.0052477083463783065,0.9999998474417577,0.5998265174606965,0.8675298078334781,0.6358215707364308,0.5099706458581188,4.999999405022855,0.010998265174606964,1260.2589423500435
318,152,-0.20999768035268218,0.39513796944715984,0.5,1.0,0.015,1.0,0.5370827816682959,1.45,5.0,0.00515,1300.0
318,153,-0.431886938011193,0.5597026178940512,0.0052477083463783065,0.9999998474417577,0.5998265174606965,0.8675298078334781,0.6358215707364308,0.5099706458581188,4.999999405022855,0.010998265174606964,1260.2589423500435
318,154,-0.431886938011193,0.5597026178940512,0.0052477083463783065,0.9999998474417577,0.5998265174606965,0.8675298078334781,0.6358215707364308,0.5099706458581188,4.999999405022855,0.010998265174606964,1260.2589423500435
318,155,-0.431886938011193,0.5597026178940512,0.0052477083463783065,0.9999998474417577,0.5998265174606965,0.8675298078334781,0.6358215707364308,0.5099706458581188,4.999999405022855,0.010998265174606964,1260.2589423500435
318,156,-0.431886938011193,0.5597026178940512,0.0052477083463783065,0.9999998474417577,0.5998265174606965,0.8675298078334781,0.6358215707364308,0.5099706458581188,4.999999405022855,0.010998265174606964,1260.2589423500435
318,157,-0.431886938011193,0.5597026178940512,0.0052477083463783065,0.9999998474417577,0.5998265174606965,0.8675298078334781,0.6358215707364308,0.5099706458581188,4.999999405022855,0.010998265174606964,1260.2589423500435
318,158,-0.431886938011193,0.5597026178940512,0.0052477083463783065,0.9999998474417577,0.5998265174606965,0.8675298078334781,0.6358215707364308,0.5099706458581188,4.999999405022855,0.010998265174606964,1260.2589423500435
318,159,-0.431886938011193,0.5597026178940512,0.0052477083463783065,0.9999998474417577,0.5998265174606965,0.8675298078334781,0.6358215707364308,0.5099706458581188,4.999999405022855,0.010998265174606964,1260.2589423500435
318,160,-0.431886938011193,0.5597026178940512,0.0052477083463783065,0.9999998474417577,0.5998265174606965,0.8675298078334781,0.6358215707364308,0.5099706458581188,4.999999405022855,0.010998265174606964,1260.2589423500435
318,161,-0.431886938011193,0.5597026178940512,0.0052477083463783065,0.9999998474417577,0.5998265174606965,0.8675298078334781,0.6358215707364308,0.5099706458581188,4.999999405022855,0.010998265174606964,1260.2589423500435
318,162,-0.431886938011193,0.5597026178940512,0.0052477083463783065,0.9999998474417577,0.5998265174606965,0.8675298078334781,0.6358215707364308,0.5099706458581188,4.999999405022855,0.010998265174606964,1260.2589423500435
318,163,-0.2641514720589576,0.5537317377111468,0.5,1.0,0.015,1.0,0.6322390426266882,1.45,5.0,0.00515,1300.0
318,164,-0.431886938011193,0.5597026178940512,0.0052477083463783065,0.9999998474417577,0.5998265174606965,0.8675298078334781,0.6358215707364308,0.5099706458581188,4.999999405022855,0.010998265174606964,1260.2589423500435
318,165,-0.431886938011193,0.5597026178940512,0.0052477083463783065,0.9999998474417577,0.5998265174606965,0.8675298078334781,0.6358215707364308,0.5099706458581188,4.999999405022855,0.010998265174606964,1260.2589423500435
318,166,-0.431886938011193,0.5597026178940512,0.0052477083463783065,0.9999998474417577,0.5998265174606965,0.8675298078334781,0.6358215707364308,0.5099706458581188,4.999999405022855,0.010998265174606964,1260.2589423500435
318,167,-0.431886938011193,0.5597026178940512,0.0052477083463783065,0.9999998474417577,0.5998265174606965,0.8675298078334781,0.6358215707364308,0.5099706458581188,4.999999405022855,0.010998265174606964,1260.2589423500435
318,168,-0.431886938011193,0.5597026178940512,0.0052477083463783065,0.9999998474417577,0.5998265174606965,0.8675298078334781,0.6358215707364308,0.5099706458581188,4.999999405022855,0.010998265174606964,1260.2589423500435
318,169,-0.431886938011193,0.5597026178940512,0.0052477083463783065,0.9999998474417577,0.5998265174606965,0.8675298078334781,0.6358215707364308,0.5099706458581188,4.999999405022855,0.010998265174606964,1260.2589423500435
318,170,-0.431886938011193,0.5597026178940512,0.0052477083463783065,0.9999998474417577,0.5998265174606965,0.8675298078334781,0.6358215707364308,0.5099706458581188,4.999999405022855,0.010998265174606964,1260.2589423500435
318,171,-0.431886938011193,0.5597026178940512,0.0052477083463783065,0.9999998474417577,0.5998265174606965,0.8675298078334781,0.6358215707364308,0.5099706458581188,4.999999405022855,0.010998265174606964,1260.2589423500435
318,172,-0.28714726240491706,0.6384289844486174,0.5,1.0,0.015,1.0,0.6830573906691705,1.45,5.0,0.00515,1300.0
318,173,-0.431886938011193,0.5597026178940512,0.0052477083463783065,0.9999998474417577,0.5998265174606965,0.8675298078334781,0.6358215707364308,0.5099706458581188,4.999999405022855,0.010998265174606964,1260.2589423500435
318,174,-0.28842819265107345,0.6436972456802181,0.5,1.0,0.015,1.0,0.6862183474081309,1.45,5.0,0.00515,1300.0
318,175,-0.431886938011193,0.5597026178940512,0.0052477083463783065,0.9999998474417577,0.5998265174606965,0.8675298078334781,0.6358215707364308,0.5099706458581188,4.999999405022855,0.010998265174606964,1260.2589423500435
318,176,-0.431886938011193,0.5597026178940512,0.0052477083463783065,0.9999998474417577,0.5998265174606965,0.8675298078334781,0.6358215707364308,0.5099706458581188,4.999999405022855,0.010998265174606964,1260.2589423500435
318,177,-0.431886938011193,0.5597026178940512,0.0052477083463783065,0.9999998474417577,0.5998265174606965,0.8675298078334781,0.6358215707364308,0.5099706458581188,4.999999405022855,0.010998265174606964,1260.2589423500435
318,178,-0.431886938011193,0.5597026178940512,0.0052477083463783065,0.9999998474417577,0.5998265174606965,0.8675298078334781,0.6358215707364308,0.5099706458581188,4.999999405022855,0.010998265174606964,1260.2589423500435
318,179,-0.431886938011193,0.5597026178940512,0.0052477083463783065,0.9999998474417577,0.5998265174606965,0.8675298078334781,0.6358215707364308,0.5099706458581188,4.999999405022855,0.010998265174606964,1260.2589423500435
318,180,-0.431886938011193,0.5597026178940512,0.0052477083463783065,0.9999998474417577,0.5998265174606965,0.8675298078334781,0.6358215707364308,0.5099706458581188,4.999999405022855,0.010998265174606964,1260.2589423500435
318,181,-0.431886938011193,0.5597026178940512,0.0052477083463783065,0.9999998474417577,0.5998265174606965,0.8675298078334781,0.6358215707364308,0.5099706458581188,4.999999405022855,0.010998265174606964,1260.2589423500435
318,182,-0.431886938011193,0.5597026178940512,0.0052477083463783065,0.9999998474417577,0.5998265174606965,0.8675298078334781,0.6358215707364308,0.5099706458581188,4.999999405022855,0.010998265174606964,1260.2589423500435
318,183,-0.431886938011193,0.5597026178940512,0.0052477083463783065,0.9999998474417577,0.5998265174606965,0.8675298078334781,0.6358215707364308,0.5099706458581188,4.999999405022855,0.010998265174606964,1260.2589423500435
318,184,-0.431886938011193,0.5597026178940512,0.0052477083463783065,0.9999998474417577,0.5998265174606965,0.8675298078334781,0.6358215707364308,0.5099706458581188,4.999999405022855,0.010998265174606964,1260.2589423500435
318,185,-0.431886938011193,0.5597026178940512,0.0052477083463783065,0.9999998474417577,0.5998265174606965,0.8675298078334781,0.6358215707364308,0.5099706458581188,4.999999405022855,0.010998265174606964,1260.2589423500435
318,186,-0.431886938011193,0.5597026178940512,0.0052477083463783065,0.9999998474417577,0.5998265174606965,0.8675298078334781,0.6358215707364308,0.5099706458581188,4.999999405022855,0.010998265174606964,1260.2589423500435
318,187,-0.431886938011193,0.5597026178940512,0.0052477083463783065,0.9999998474417577,0.5998265174606965,0.8675298078334781,0.6358215707364308,0.5099706458581188,4.999999405022855,0.010998265174606964,1260.2589423500435
318,188,-0.431886938011193,0.5597026178940512,0.0052477083463783065,0.9999998474417577,0.5998265174606965,0.8675298078334781,0.6358215707364308,0.5099706458581188,4.999999405022855,0.010998265174606964,1260.2589423500435
318,189,-0.431886938011193,0.5597026178940512,0.0052477083463783065,0.9999998474417577,0.5998265174606965,0.8675298078334781,0.6358215707364308,0.5099706458581188,4.999999405022855,0.010998265174606964,1260.2589423500435
318,190,-0.431886938011193,0.5597026178940512,0.0052477083463783065,0.9999998474417577,0.5998265174606965,0.8675298078334781,0.6358215707364308,0.5099706458581188,4.999999405022855,0.010998265174606964,1260.2589423500435
318,191,-0.431886938011193,0.5597026178940512,0.0052477083463783065,0.9999998474417577,0.5998265174606965,0.8675298078334781,0.6358215707364308,0.5099706458581188,4.999999405022855,0.010998265174606964,1260.2589423500435
318,192,-0.431886938011193,0.5597026178940512,0.0052477083463783065,0.9999998474417577,0.5998265174606965,0.8675298078334781,0.6358215707364308,0.5099706458581188,4.999999405022855,0.010998265174606964,1260.2589423500435
318,193,-0.431886938011193,0.5597026178940512,0.0052477083463783065,0.9999998474417577,0.5998265174606965,0.8675298078334781,0.6358215707364308,0.5099706458581188,4.999999405022855,0.010998265174606964,1260.2589423500435
318,194,-0.431886938011193,0.5597026178940512,0.0052477083463783065,0.9999998474417577,0.5998265174606965,0.8675298078334781,0.6358215707364308,0.5099706458581188,4.999999405022855,0.010998265174606964,1260.2589423500435
318,195,-0.431886938011193,0.5597026178940512,0.0052477083463783065,0.9999998474417577,0.5998265174606965,0.8675298078334781,0.6358215707364308,0.5099706458581188,4.999999405022855,0.010998265174606964,1260.2589423500435
318,196,-0.431886938011193,0.5597026178940512,0.0052477083463783065,0.9999998474417577,0.5998265174606965,0.8675298078334781,0.6358215707364308,0.5099706458581188,4.999999405022855,0.010998265174606964,1260.2589423500435
318,197,-0.431886938011193,0.5597026178940512,0.0052477083463783065,0.9999998474417577,0.5998265174606965,0.8675298078334781,0.6358215707364308,0.5099706458581188,4.999999405022855,0.010998265174606964,1260.2589423500435
318,198,-0.2549906679112322,0.5238393507617181,0.5,1.0,0.015,1.0,0.6143036104570309,1.45,5.0,0.00515,1300.0
318,199,-0.431886938011193,0.5597026178940512,0.0052477083463783065,0.9999998474417577,0.5998265174606965,0.8675298078334781,0.6358215707364308,0.5099706458581188,4.999999405022855,0.010998265174606964,1260.2589423500435
