iteration,candidate_index,objective,phi_n,u_avg_n,ar_n,lt_1_n,a_0_n,phi,u_avg,ar,lt_1,a_0
286,0,-0.42346437588861624,0.5989869786752335,0.019255541722621103,0.9996105308599952,0.5662981400692908,0.8815513152927468,0.6593921872051401,0.5365855292729801,4.998481070353981,0.010662981400692908,1264.465394587824
286,1,-0.42346437588861624,0.5989869786752335,0.019255541722621103,0.9996105308599952,0.5662981400692908,0.8815513152927468,0.6593921872051401,0.5365855292729801,4.998481070353981,0.010662981400692908,1264.465394587824
286,2,-0.42346437588861624,0.5989869786752335,0.019255541722621103,0.9996105308599952,0.5662981400692908,0.8815513152927468,0.6593921872051401,0.5365855292729801,4.998481070353981,0.010662981400692908,1264.465394587824
286,3,-0.25787412294827156,0.5330654695434868,0.5,1.0,0.015,1.0,0.619839281726092,1.45,5.0,0.00515,1300.0
286,4,-0.42346437588861624,0.5989869786752335,0.019255541722621103,0.9996105308599952,0.5662981400692908,0.8815513152927468,0.6593921872051401,0.5365855292729801,4.998481070353981,0.010662981400692908,1264.465394587824
286,5,-0.42346437588861624,0.5989869786752335,0.019255541722621103,0.9996105308599952,0.5662981400692908,0.8815513152927468,0.6593921872051401,0.5365855292729801,4.998481070353981,0.010662981400692908,1264.465394587824
286,6,-0.42346437588861624,0.5989869786752335,0.019255541722621103,0.9996105308599952,0.5662981400692908,0.8815513152927468,0.6593921872051401,0.5365855292729801,4.998481070353981,0.010662981400692908,1264.465394587824
286,7,-0.42346437588861624,0.5989869786752335,0.019255541722621103,0.9996105308599952,0.5662981400692908,0.8815513152927468,0.6593921872051401,0.5365855292729801,4.998481070353981,0.010662981400692908,1264.465394587824
286,8,-0.42346437588861624,0.5989869786752335,0.019255541722621103,0.9996105308599952,0.5662981400692908,0.8815513152927468,0.6593921872051401,0.5365855292729801,4.998481070353981,0.010662981400692908,1264.465394587824
286,9,-0.42346437588861624,0.5989869786752335,0.019255541722621103,0.9996105308599952,0.5662981400692908,0.8815513152927468,0.6593921872051401,0.5365855292729801,4.998481070353981,0.010662981400692908,1264.465394587824
286,10,-0.42346437588861624,0.5989869786752335,0.019255541722621103,0.9996105308599952,0.5662981400692908,0.8815513152927468,0.6593921872051401,0.5365855292729801,4.998481070353981,0.010662981400692908,1264.465394587824
286,11,-0.28996172549568516,0.65010326882188,0.5,1.0,0.015,1.0,0.690061961293128,1.45,5.0,0.00515,1300.0
286,12,-0.42346437588861624,0.5989869786752335,0.019255541722621103,0.9996105308599952,0.5662981400692908,0.8815513152927468,0.6593921872051401,0.5365855292729801,4.998481070353981,0.010662981400692908,1264.465394587824
286,13,-0.42346437588861624,0.5989869786752335,0.019255541722621103,0.9996105308599952,0.5662981400692908,0.8815513152927468,0.6593921872051401,0.5365855292729801,4.998481070353981,0.010662981400692908,1264.465394587824
286,14,-0.42346437588861624,0.5989869786752335,0.019255541722621103,0.9996105308599952,0.5662981400692908,0.8815513152927468,0.6593921872051401,0.5365855292729801,4.998481070353981,0.010662981400692908,1264.465394587824
286,15,-0.42346437588861624,0.5989869786752335,0.019255541722621103,0.9996105308599952,0.5662981400692908,0.8815513152927468,0.6593921872051401,0.5365855292729801,4.998481070353981,0.010662981400692908,1264.465394587824
286,16,-0.42346437588861624,0.5989869786752335,0.019255541722621103,0.9996105308599952,0.5662981400692908,0.8815513152927468,0.6593921872051401,0.5365855292729801,4.998481070353981,0.010662981400692908,1264.465394587824
286,17,-0.42346437588861624,0.5989869786752335,0.019255541722621103,0.9996105308599952,0.5662981400692908,0.8815513152927468,0.6593921872051401,0.5365855292729801,4.998481070353981,0.010662981400692908,1264.465394587824
286,18,-0.42346437588861624,0.5989869786752335,0.019255541722621103,0.9996105308599952,0.5662981400692908,0.8815513152927468,0.6593921872051401,0.5365855292729801,4.998481070353981,0.010662981400692908,1264.465394587824
286,19,-0.42346437588861624,0.5989869786752335,0.019255541722621103,0.9996105308599952,0.5662981400692908,0.8815513152927468,0.6593921872051401,0.5365855292729801,4.998481070353981,0.010662981400692908,1264.465394587824
286,20,-0.42346437588861624,0.5989869786752335,0.019255541722621103,0.9996105308599952,0.5662981400692908,0.8815513152927468,0.6593921872051401,0.5365855292729801,4.998481070353981,0.010662981400692908,1264.465394587824
286,21,-0.42346437588861624,0.5989869786752335,0.019255541722621103,0.9996105308599952,0.5662981400692908,0.8815513152927468,0.6593921872051401,0.5365855292729801,4.998481070353981,0.010662981400692908,1264.465394587824
286,22,-0.42346437588861624,0.5989869786752335,0.019255541722621103,0.9996105308599952,0.5662981400692908,0.8815513152927468,0.6593921872051401,0.5365855292729801,4.998481070353981,0.010662981400692908,1264.465394587824
286,23,-0.42346437588861624,0.5989869786752335,0.019255541722621103,0.9996105308599952,0.5662981400692908,0.8815513152927468,0.6593921872051401,0.5365855292729801,4.998481070353981,0.010662981400692908,1264.465394587824
286,24,-0.42346437588861624,0.5989869786752335,0.019255541722621103,0.9996105308599952,0.5662981400692908,0.8815513152927468,0.6593921872051401,0.5365855292729801,4.998481070353981,0.010662981400692908,1264.465394587824
286,25,-0.42346437588861624,0.5989869786752335,0.019255541722621103,0.9996105308599952,0.5662981400692908,0.8815513152927468,0.6593921872051401,0.5365855292729801,4.998481070353981,0.010662981400692908,1264.465394587824
286,26,-0.42346437588861624,0.5989869786752335,0.019255541722621103,0.9996105308599952,0.5662981400692908,0.8815513152927468,0.6593921872051401,0.5365855292729801,4.998481070353981,0.010662981400692908,1264.465394587824
286,27,-0.42346437588861624,0.5989869786752335,0.019255541722621103,0.9996105308599952,0.5662981400692908,0.8815513152927468,0.6593921872051401,0.5365855292729801,4.998481070353981,0.010662981400692908,1264.465394587824
286,28,-0.30372643897976886,0.7136164417794231,0.5,1.0,0.015,1.0,0.7281698650676539,1.45,5.0,0.00515,1300.0
286,29,-0.42346437588861624,0.5989869786752335,0.019255541722621103,0.9996105308599952,0.5662981400692908,0.8815513152927468,0.6593921872051401,0.5365855292729801,4.998481070353981,0.010662981400692908,1264.465394587824
286,30,-0.42346437588861624,0.5989869786752335,0.019255541722621103,0.9996105308599952,0.5662981400692908,0.8815513152927468,0.6593921872051401,0.5365855292729801,4.998481070353981,0.010662981400692908,1264.465394587824
286,31,-0.42346437588861624,0.5989869786752335,0.019255541722621103,0.9996105308599952,0.5662981400692908,0.8815513152927468,0.6593921872051401,0.5365855292729801,4.998481070353981,0.010662981400692908,1264.465394587824
286,32,-0.42346437588861624,0.5989869786752335,0.019255541722621103,0.9996105308599952,0.5662981400692908,0.8815513152927468,0.6593921872051401,0.5365855292729801,4.998481070353981,0.010662981400692908,1264.465394587824
286,33,-0.42346437588861624,0.5989869786752335,0.019255541722621103,0.9996105308599952,0.5662981400692908,0.8815513152927468,0.6593921872051401,0.5365855292729801,4.998481070353981,0.010662981400692908,1264.465394587824
286,34,-0.42346437588861624,0.5989869786752335,0.019255541722621103,0.9996105308599952,0.5662981400692908,0.8815513152927468,0.6593921872051401,0.5365855292729801,4.998481070353981,0.010662981400692908,1264.465394587824
286,35,-0.42346437588861624,0.5989869786752335,0.019255541722621103,0.9996105308599952,0.5662981400692908,0.8815513152927468,0.6593921872051401,0.5365855292729801,4.998481070353981,0.010662981400692908,1264.465394587824
286,36,-0.42346437588861624,0.5989869786752335,0.019255541722621103,0.9996105308599952,0.5662981400692908,0.8815513152927468,0.6593921872051401,0.5365855292729801,4.998481070353981,0.010662981400692908,1264.465394587824
286,37,-0.42346437588861624,0.5989869786752335,0.019255541722621103,0.9996105308599952,0.5662981400692908,0.8815513152927468,0.6593921872051401,0.5365855292729801,4.998481070353981,0.010662981400692908,1264.465394587824
286,38,-0.42346437588861624,0.5989869786752335,0.019255541722621103,0.9996105308599952,0.5662981400692908,0.8815513152927468,0.6593921872051401,0.5365855292729801,4.998481070353981,0.010662981400692908,1264.465394587824
286,39,-0.42346437588861624,0.5989869786752335,0.019255541722621103,0.9996105308599952,0.5662981400692908,0.8815513152927468,0.6593921872051401,0.5365855292729801,4.998481070353981,0.010662981400692908,1264.465394587824
286,40,-0.42346437588861624,0.5989869786752335,0.019255541722621103,0.9996105308599952,0.5662981400692908,0.8815513152927468,0.6593921872051401,0.5365855292729801,4.998481070353981,0.010662981400692908,1264.465394587824
286,41,-0.42346437588861624,0.5989869786752335,0.019255541722621103,0.9996105308599952,0.5662981400692908,0.8815513152927468,0.6593921872051401,0.5365855292729801,4.998481070353981,0.010662981400692908,1264.465394587824
286,42,-0.42346437588861624,0.5989869786752335,0.019255541722621103,0.9996105308599952,0.5662981400692908,0.8815513152927468,0.6593921872051401,0.5365855292729801,4.998481070353981,0.010662981400692908,1264.465394587824
286,43,-0.42346437588861624,0.5989869786752335,0.019255541722621103,0.9996105308599952,0.5662981400692908,0.8815513152927468,0.6593921872051401,0.5365855292729801,4.998481070353981,0.010662981400692908,1264.465394587824
286,44,-0.42346437588861624,0.5989869786752335,0.019255541722621103,0.9996105308599952,0.5662981400692908,0.8815513152927468,0.6593921872051401,0.5365855292729801,4.998481070353981,0.010662981400692908,1264.465394587824
286,45,-0.42346437588861624,0.5989869786752335,0.019255541722621103,0.9996105308599952,0.5662981400692908,0.8815513152927468,0.6593921872051401,0.5365855292729801,4.998481070353981,0.010662981400692908,1264.465394587824
286,46,-0.42346437588861624,0.5989869786752335,0.019255541722621103,0.9996105308599952,0.5662981400692908,0.8815513152927468,0.6593921872051401,0.5365855292729801,4.998481070353981,0.010662981400692908,1264.465394587824
286,47,-0.3123631439407987,0.7615057555526221,0.5,1.0,0.015,1.0,0.7569034533315733,1.45,5.0,0.00515,1300.0
286,48,-0.42346437588861624,0.5989869786752335,0.019255541722621103,0.9996105308599952,0.5662981400692908,0.8815513152927468,0.6593921872051401,0.5365855292729801,4.998481070353981,0.010662981400692908,1264.465394587824
286,49,-0.42346437588861624,0.5989869786752335,0.019255541722621103,0.9996105308599952,0.5662981400692908,0.8815513152927468,0.6593921872051401,0.5365855292729801,4.998481070353981,0.010662981400692908,1264.465394587824
286,50,-0.42346437588861624,0.5989869786752335,0.019255541722621103,0.9996105308599952,0.5662981400692908,0.8815513152927468,0.6593921872051401,0.5365855292729801,4.998481070353981,0.010662981400692908,1264.465394587824
286,51,-0.42346437588861624,0.5989869786752335,0.019255541722621103,0.9996105308599952,0.5662981400692908,0.8815513152927468,0.6593921872051401,0.5365855292729801,4.998481070353981,0.010662981400692908,1264.465394587824
286,52,-0.42346437588861624,0.5989869786752335,0.019255541722621103,0.9996105308599952,0.5662981400692908,0.8815513152927468,0.6593921872051401,0.5365855292729801,4.998481070353981,0.010662981400692908,1264.465394587824
286,53,-0.42346437588861624,0.5989869786752335,0.019255541722621103,0.9996105308599952,0.5662981400692908,0.8815513152927468,0.6593921872051401,0.5365855292729801,4.998481070353981,0.010662981400692908,1264.465394587824
286,54,-0.42346437588861624,0.5989869786752335,0.019255541722621103,0.9996105308599952,0.5662981400692908,0.8815513152927468,0.6593921872051401,0.5365855292729801,4.998481070353981,0.010662981400692908,1264.465394587824
286,55,-0.42346437588861624,0.5989869786752335,0.019255541722621103,0.9996105308599952,0.5662981400692908,0.8815513152927468,0.6593921872051401,0.5365855292729801,4.998481070353981,0.010662981400692908,1264.465394587824
286,56,-0.24616896566418583,0.4965263443618714,0.5,1.0,0.015,1.0,0.5979158066171228,1.45,5.0,0.00515,1300.0
286,57,-0.42346437588861624,0.5989869786752335,0.019255541722621103,0.9996105308599952,0.5662981400692908,0.8815513152927468,0.6593921872051401,0.5365855292729801,4.998481070353981,0.010662981400692908,1264.465394587824
286,58,-0.42346437588861624,0.5989869786752335,0.019255541722621103,0.9996105308599952,0.5662981400692908,0.8815513152927468,0.6593921872051401,0.5365855292729801,4.998481070353981,0.010662981400692908,1264.465394587824
286,59,-0.42346437588861624,0.5989869786752335,0.019255541722621103,0.9996105308599952,0.5662981400692908,0.8815513152927468,0.6593921872051401,0.5365855292729801,4.998481070353981,0.010662981400692908,1264.465394587824
286,60,-0.42346437588861624,0.5989869786752335,0.019255541722621103,0.9996105308599952,0.5662981400692908,0.8815513152927468,0.6593921872051401,0.5365855292729801,4.998481070353981,0.010662981400692908,1264.465394587824
286,61,-0.42346437588861624,0.5989869786752335,0.019255541722621103,0.9996105308599952,0.5662981400692908,0.8815513152927468,0.6593921872051401,0.5365855292729801,4.998481070353981,0.010662981400692908,1264.465394587824
286,62,-0.29141646246338376,0.656284865324435,0.5,1.0,0.015,1.0,0.693770919194661,1.45,5.0,0.00515,1300.0
286,63,-0.2284943153317522,0.4452033800389501,0.5,1.0,0.015,1.0,0.5671220280233701,1.45,5.0,0.00515,1300.0
286,64,-0.42346437588861624,0.5989869786752335,0.019255541722621103,0.9996105308599952,0.5662981400692908,0.8815513152927468,0.6593921872051401,0.5365855292729801,4.998481070353981,0.010662981400692908,1264.465394587824
286,65,-0.42346437588861624,0.5989869786752335,0.019255541722621103,0.9996105308599952,0.5662981400692908,0.8815513152927468,0.6593921872051401,0.5365855292729801,4.998481070353981,0.010662981400692908,1264.465394587824
286,66,-0.18473375241678602,0.3308668935719269,0.5,1.0,0.015,1.0,0.49852013614315616,1.45,5.0,0.00515,1300.0
286,67,-0.42346437588861624,0.5989869786752335,0.019255541722621103,0.9996105308599952,0.5662981400692908,0.8815513152927468,0.6593921872051401,0.5365855292729801,4.998481070353981,0.010662981400692908,1264.465394587824
286,68,-0.2745997921378243,0.5901976447275634,0.5,1.0,0.015,1.0,0.6541185868365381,1.45,5.0,0.00515,1300.0
286,69,-0.42346437588861624,0.5989869786752335,0.019255541722621103,0.9996105308599952,0.5662981400692908,0.8815513152927468,0.6593921872051401,0.5365855292729801,4.998481070353981,0.010662981400692908,1264.465394587824
286,70,-0.42346437588861624,0.5989869786752335,0.019255541722621103,0.9996105308599952,0.5662981400692908,0.8815513152927468,0.6593921872051401,0.5365855292729801,4.998481070353981,0.010662981400692908,1264.465394587824
286,71,-0.42346437588861624,0.5989869786752335,0.019255541722621103,0.9996105308599952,0.5662981400692908,0.8815513152927468,0.6593921872051401,0.5365855292729801,4.998481070353981,0.010662981400692908,1264.465394587824
286,72,-0.42346437588861624,0.5989869786752335,0.019255541722621103,0.9996105308599952,0.5662981400692908,0.8815513152927468,0.6593921872051401,0.5365855292729801,4.998481070353981,0.010662981400692908,1264.465394587824
286,73,-0.42346437588861624,0.5989869786752335,0.019255541722621103,0.9996105308599952,0.5662981400692908,0.8815513152927468,0.6593921872051401,0.5365855292729801,4.998481070353981,0.010662981400692908,1264.465394587824
286,74,-0.42346437588861624,0.5989869786752335,0.019255541722621103,0.9996105308599952,0.5662981400692908,0.8815513152927468,0.6593921872051401,0.5365855292729801,4.998481070353981,0.010662981400692908,1264.465394587824
286,75,-0.42346437588861624,0.5989869786752335,0.019255541722621103,0.9996105308599952,0.5662981400692908,0.8815513152927468,0.6593921872051401,0.5365855292729801,4.998481070353981,0.010662981400692908,1264.465394587824
286,76,-0.42346437588861624,0.5989869786752335,0.019255541722621103,0.9996105308599952,0.5662981400692908,0.8815513152927468,0.6593921872051401,0.5365855292729801,4.998481070353981,0.010662981400692908,1264.465394587824
286,77,-0.27813857098971745,0.6032439701081372,0.5,1.0,0.015,1.0,0.6619463820648823,1.45,5.0,0.00515,1300.0
286,78,-0.42346437588861624,0.5989869786752335,0.019255541722621103,0.9996105308599952,0.5662981400692908,0.8815513152927468,0.6593921872051401,0.5365855292729801,4.998481070353981,0.010662981400692908,1264.465394587824
286,79,-0.42346437588861624,0.5989869786752335,0.019255541722621103,0.9996105308599952,0.5662981400692908,0.8815513152927468,0.6593921872051401,0.5365855292729801,4.998481070353981,0.010662981400692908,1264.465394587824
286,80,-0.42346437588861624,0.5989869786752335,0.019255541722621103,0.9996105308599952,0.5662981400692908,0.8815513152927468,0.6593921872051401,0.5365855292729801,4.998481070353981,0.010662981400692908,1264.465394587824
286,81,-0.42346437588861624,0.5989869786752335,0.019255541722621103,0.9996105308599952,0.5662981400692908,0.8815513152927468,0.6593921872051401,0.5365855292729801,4.998481070353981,0.010662981400692908,1264.465394587824
286,82,-0.42346437588861624,0.5989869786752335,0.019255541722621103,0.9996105308599952,0.5662981400692908,0.8815513152927468,0.6593921872051401,0.5365855292729801,4.998481070353981,0.010662981400692908,1264.465394587824
286,83,-0.277590245436862,0.6011965141673177,0.5,1.0,0.015,1.0,0.6607179085003907,1.45,5.0,0.00515,1300.0
286,84,-0.42346437588861624,0.5989869786752335,0.019255541722621103,0.9996105308599952,0.5662981400692908,0.8815513152927468,0.6593921872051401,0.5365855292729801,4.998481070353981,0.010662981400692908,1264.465394587824
286,85,-0.42346437588861624,0.5989869786752335,0.019255541722621103,0.9996105308599952,0.5662981400692908,0.8815513152927468,0.6593921872051401,0.5365855292729801,4.998481070353981,0.010662981400692908,1264.465394587824
286,86,-0.42346437588861624,0.5989869786752335,0.019255541722621103,0.9996105308599952,0.5662981400692908,0.8815513152927468,0.6593921872051401,0.5365855292729801,4.998481070353981,0.010662981400692908,1264.465394587824
286,87,-0.42346437588861624,0.5989869786752335,0.019255541722621103,0.9996105308599952,0.5662981400692908,0.8815513152927468,0.6593921872051401,0.5365855292729801,4.998481070353981,0.010662981400692908,1264.465394587824
286,88,-0.42346437588861624,0.5989869786752335,0.019255541722621103,0.9996105308599952,0.5662981400692908,0.8815513152927468,0.6593921872051401,0.5365855292729801,4.998481070353981,0.010662981400692908,1264.465394587824
286,89,-0.42346437588861624,0.5989869786752335,0.019255541722621103,0.9996105308599952,0.5662981400692908,0.8815513152927468,0.6593921872051401,0.5365855292729801,4.998481070353981,0.010662981400692908,1264.465394587824
286,90,-0.42346437588861624,0.5989869786752335,0.019255541722621103,0.9996105308599952,0.5662981400692908,0.8815513152927468,0.6593921872051401,0.5365855292729801,4.998481070353981,0.010662981400692908,1264.465394587824
286,91,-0.42346437588861624,0.5989869786752335,0.019255541722621103,0.9996105308599952,0.5662981400692908,0.8815513152927468,0.6593921872051401,0.5365855292729801,4.998481070353981,0.010662981400692908,1264.465394587824
286,92,-0.42346437588861624,0.5989869786752335,0.019255541722621103,0.9996105308599952,0.5662981400692908,0.8815513152927468,0.6593921872051401,0.5365855292729801,4.998481070353981,0.010662981400692908,1264.465394587824
286,93,-0.42346437588861624,0.5989869786752335,0.019255541722621103,0.9996105308599952,0.5662981400692908,0.8815513152927468,0.6593921872051401,0.5365855292729801,4.998481070353981,0.010662981400692908,1264.465394587824
286,94,-0.42346437588861624,0.5989869786752335,0.019255541722621103,0.9996105308599952,0.5662981400692908,0.8815513152927468,0.6593921872051401,0.5365855292729801,4.998481070353981,0.010662981400692908,1264.465394587824
286,95,-0.42346437588861624,0.5989869786752335,0.019255541722621103,0.9996105308599952,0.5662981400692908,0.8815513152927468,0.6593921872051401,0.5365855292729801,4.998481070353981,0.010662981400692908,1264.465394587824
286,96,-0.42346437588861624,0.5989869786752335,0.019255541722621103,0.9996105308599952,0.5662981400692908,0.8815513152927468,0.6593921872051401,0.5365855292729801,4.998481070353981,0.010662981400692908,1264.465394587824
286,97,-0.42346437588861624,0.5989869786752335,0.019255541722621103,0.9996105308599952,0.5662981400692908,0.8815513152927468,0.6593921872051401,0.5365855292729801,4.998481070353981,0.010662981400692908,1264.465394587824
286,98,-0.42346437588861624,0.5989869786752335,0.019255541722621103,0.9996105308599952,0.5662981400692908,0.8815513152927468,0.6593921872051401,0.5365855292729801,4.998481070353981,0.010662981400692908,1264.465394587824
286,99,-0.42346437588861624,0.5989869786752335,0.019255541722621103,0.9996105308599952,0.5662981400692908,0.8815513152927468,0.6593921872051401,0.5365855292729801,4.998481070353981,0.010662981400692908,1264.465394587824
286,100,-0.42346437588861624,0.5989869786752335,0.019255541722621103,0.9996105308599952,0.5662981400692908,0.8815513152927468,0.6593921872051401,0.5365855292729801,4.998481070353981,0.010662981400692908,1264.465394587824
286,101,-0.42346437588861624,0.5989869786752335,0.019255541722621103,0.9996105308599952,0.5662981400692908,0.8815513152927468,0.6593921872051401,0.5365855292729801,4.998481070353981,0.010662981400692908,1264.465394587824
286,102,-0.42346437588861624,0.5989869786752335,0.019255541722621103,0.9996105308599952,0.5662981400692908,0.8815513152927468,0.6593921872051401,0.5365855292729801,4.998481070353981,0.010662981400692908,1264.465394587824
286,103,-0.42346437588861624,0.5989869786752335,0.019255541722621103,0.9996105308599952,0.5662981400692908,0.8815513152927468,0.6593921872051401,0.5365855292729801,4.998481070353981,0.010662981400692908,1264.465394587824
286,104,-0.42346437588861624,0.5989869786752335,0.019255541722621103,0.9996105308599952,0.5662981400692908,0.8815513152927468,0.6593921872051401,0.5365855292729801,4.998481070353981,0.010662981400692908,1264.465394587824
286,105,-0.42346437588861624,0.5989869786752335,0.019255541722621103,0.9996105308599952,0.5662981400692908,0.8815513152927468,0.6593921872051401,0.5365855292729801,4.998481070353981,0.010662981400692908,1264.465394587824
286,106,-0.42346437588861624,0.5989869786752335,0.019255541722621103,0.9996105308599952,0.5662981400692908,0.8815513152927468,0.6593921872051401,0.5365855292729801,4.998481070353981,0.010662981400692908,1264.465394587824
286,107,-0.42346437588861624,0.5989869786752335,0.019255541722621103,0.9996105308599952,0.5662981400692908,0.8815513152927468,0.6593921872051401,0.5365855292729801,4.998481070353981,0.010662981400692908,1264.465394587824
286,108,-0.42346437588861624,0.5989869786752335,0.019255541722621103,0.9996105308599952,0.5662981400692908,0.8815513152927468,0.6593921872051401,0.5365855292729801,4.998481070353981,0.010662981400692908,1264.465394587824
286,109,-0.42346437588861624,0.5989869786752335,0.019255541722621103,0.9996105308599952,0.5662981400692908,0.8815513152927468,0.6593921872051401,0.5365855292729801,4.998481070353981,0.010662981400692908,1264.465394587824
286,110,-0.42346437588861624,0.5989869786752335,0.019255541722621103,0.9996105308599952,0.5662981400692908,0.8815513152927468,0.6593921872051401,0.5365855292729801,4.998481070353981,0.010662981400692908,1264.465394587824
286,111,-0.42346437588861624,0.5989869786752335,0.019255541722621103,0.9996105308599952,0.5662981400692908,0.8815513152927468,0.6593921872051401,0.5365855292729801,4.998481070353981,0.010662981400692908,1264.465394587824
286,112,-0.42346437588861624,0.5989869786752335,0.019255541722621103,0.9996105308599952,0.5662981400692908,0.8815513152927468,0.6593921872051401,0.5365855292729801,4.998481070353981,0.010662981400692908,1264.465394587824
286,113,-0.42346437588861624,0.5989869786752335,0.019255541722621103,0.9996105308599952,0.5662981400692908,0.8815513152927468,0.6593921872051401,0.5365855292729801,4.998481070353981,0.010662981400692908,1264.465394587824
286,114,-0.42346437588861624,0.5989869786752335,0.019255541722621103,0.9996105308599952,0.5662981400692908,0.8815513152927468,0.6593921872051401,0.5365855292729801,4.998481070353981,0.010662981400692908,1264.465394587824
286,115,-0.42346437588861624,0.5989869786752335,0.019255541722621103,0.9996105308599952,0.5662981400692908,0.8815513152927468,0.6593921872051401,0.5365855292729801,4.998481070353981,0.010662981400692908,1264.465394587824
286,116,-0.42346437588861624,0.5989869786752335,0.019255541722621103,0.9996105308599952,0.5662981400692908,0.8815513152927468,0.6593921872051401,0.5365855292729801,4.998481070353981,0.010662981400692908,1264.465394587824
286,117,-0.42346437588861624,0.5989869786752335,0.019255541722621103,0.9996105308599952,0.5662981400692908,0.8815513152927468,0.6593921872051401,0.5365855292729801,4.998481070353981,0.010662981400692908,1264.465394587824
286,118,-0.42346437588861624,0.5989869786752335,0.019255541722621103,0.9996105308599952,0.5662981400692908,0.8815513152927468,0.6593921872051401,0.5365855292729801,4.998481070353981,0.010662981400692908,1264.465394587824
286,119,-0.42346437588861624,0.5989869786752335,0.019255541722621103,0.9996105308599952,0.5662981400692908,0.8815513152927468,0.6593921872051401,0.5365855292729801,4.998481070353981,0.010662981400692908,1264.465394587824
286,120,-0.42346437588861624,0.5989869786752335,0.019255541722621103,0.9996105308599952,0.5662981400692908,0.8815513152927468,0.6593921872051401,0.5365855292729801,4.998481070353981,0.010662981400692908,1264.465394587824
286,121,-0.298155726599084,0.6864288148745703,0.5,1.0,0.015,1.0,0.7118572889247422,1.45,5.0,0.00515,1300.0
286,122,-0.42346437588861624,0.5989869786752335,0.019255541722621103,0.9996105308599952,0.5662981400692908,0.8815513152927468,0.6593921872051401,0.5365855292729801,4.998481070353981,0.010662981400692908,1264.465394587824
286,123,-0.42346437588861624,0.5989869786752335,0.019255541722621103,0.9996105308599952,0.5662981400692908,0.8815513152927468,0.6593921872051401,0.5365855292729801,4.998481070353981,0.010662981400692908,1264.465394587824
286,124,-0.42346437588861624,0.5989869786752335,0.019255541722621103,0.9996105308599952,0.5662981400692908,0.8815513152927468,0.6593921872051401,0.5365855292729801,4.998481070353981,0.010662981400692908,1264.465394587824
286,125,-0.24364442212649362,0.48893921176132993,0.5,1.0,0.015,1.0,0.5933635270567981,1.45,5.0,0.00515,1300.0
286,126,-0.42346437588861624,0.5989869786752335,0.019255541722621103,0.9996105308599952,0.5662981400692908,0.8815513152927468,0.6593921872051401,0.5365855292729801,4.998481070353981,0.010662981400692908,1264.465394587824
286,127,-0.42346437588861624,0.5989869786752335,0.019255541722621103,0.9996105308599952,0.5662981400692908,0.8815513152927468,0.6593921872051401,0.5365855292729801,4.998481070353981,0.010662981400692908,1264.465394587824
286,128,-0.42346437588861624,0.5989869786752335,0.019255541722621103,0.9996105308599952,0.5662981400692908,0.8815513152927468,0.6593921872051401,0.5365855292729801,4.998481070353981,0.010662981400692908,1264.465394587824
286,129,-0.42346437588861624,0.5989869786752335,0.019255541722621103,0.9996105308599952,0.5662981400692908,0.8815513152927468,0.6593921872051401,0.5365855292729801,4.998481070353981,0.010662981400692908,1264.465394587824
286,130,-0.42346437588861624,0.5989869786752335,0.019255541722621103,0.9996105308599952,0.5662981400692908,0.8815513152927468,0.6593921872051401,0.5365855292729801,4.998481070353981,0.010662981400692908,1264.465394587824
286,131,-0.42346437588861624,0.5989869786752335,0.019255541722621103,0.9996105308599952,0.5662981400692908,0.8815513152927468,0.6593921872051401,0.5365855292729801,4.998481070353981,0.010662981400692908,1264.465394587824
286,132,-0.42346437588861624,0.5989869786752335,0.019255541722621103,0.9996105308599952,0.5662981400692908,0.8815513152927468,0.6593921872051401,0.5365855292729801,4.998481070353981,0.010662981400692908,1264.465394587824
286,133,-0.2744869644203305,0.5897880204749322,0.5,1.0,0.015,1.0,0.6538728122849593,1.45,5.0,0.00515,1300.0
286,134,-0.42346437588861624,0.5989869786752335,0.019255541722621103,0.9996105308599952,0.5662981400692908,0.8815513152927468,0.6593921872051401,0.5365855292729801,4.998481070353981,0.010662981400692908,1264.465394587824
286,135,-0.42346437588861624,0.5989869786752335,0.019255541722621103,0.9996105308599952,0.5662981400692908,0.8815513152927468,0.6593921872051401,0.5365855292729801,4.998481070353981,0.010662981400692908,1264.465394587824
286,136,-0.42346437588861624,0.5989869786752335,0.019255541722621103,0.9996105308599952,0.5662981400692908,0.8815513152927468,0.6593921872051401,0.5365855292729801,4.998481070353981,0.010662981400692908,1264.465394587824
286,137,-0.42346437588861624,0.5989869786752335,0.019255541722621103,0.9996105308599952,0.5662981400692908,0.8815513152927468,0.6593921872051401,0.5365855292729801,4.998481070353981,0.010662981400692908,1264.465394587824
286,138,-0.42346437588861624,0.5989869786752335,0.019255541722621103,0.9996105308599952,0.5662981400692908,0.8815513152927468,0.6593921872051401,0.5365855292729801,4.998481070353981,0.010662981400692908,1264.465394587824
286,139,-0.42346437588861624,0.5989869786752335,0.019255541722621103,0.9996105308599952,0.5662981400692908,0.8815513152927468,0.6593921872051401,0.5365855292729801,4.998481070353981,0.010662981400692908,1264.465394587824
286,140,-0.42346437588861624,0.5989869786752335,0.019255541722621103,0.9996105308599952,0.5662981400692908,0.8815513152927468,0.6593921872051401,0.5365855292729801,4.998481070353981,0.010662981400692908,1264.465394587824
286,141,-0.42346437588861624,0.5989869786752335,0.019255541722621103,0.9996105308599952,0.5662981400692908,0.8815513152927468,0.6593921872051401,0.5365855292729801,4.998481070353981,0.010662981400692908,1264.465394587824
286,142,-0.2609944774472912,0.5432341769696112,0.5,1.0,0.015,1.0,0.6259405061817667,1.45,5.0,0.00515,1300.0
286,143,-0.42346437588861624,0.5989869786752335,0.019255541722621103,0.9996105308599952,0.5662981400692908,0.8815513152927468,0.6593921872051401,0.5365855292729801,4.998481070353981,0.010662981400692908,1264.465394587824
286,144,-0.42346437588861624,0.5989869786752335,0.019255541722621103,0.9996105308599952,0.5662981400692908,0.8815513152927468,0.6593921872051401,0.5365855292729801,4.998481070353981,0.010662981400692908,1264.465394587824
286,145,-0.42346437588861624,0.5989869786752335,0.019255541722621103,0.9996105308599952,0.5662981400692908,0.8815513152927468,0.6593921872051401,0.5365855292729801,4.998481070353981,0.010662981400692908,1264.465394587824
286,146,-0.42346437588861624,0.5989869786752335,0.019255541722621103,0.9996105308599952,0.5662981400692908,0.8815513152927468,0.6593921872051401,0.5365855292729801,4.998481070353981,0.010662981400692908,1264.465394587824
286,147,-0.42346437588861624,0.5989869786752335,0.019255541722621103,0.9996105308599952,0.5662981400692908,0.8815513152927468,0.6593921872051401,0.5365855292729801,4.998481070353981,0.010662981400692908,1264.465394587824
286,148,-0.42346437588861624,0.5989869786752335,0.019255541722621103,0.9996105308599952,0.5662981400692908,0.8815513152927468,0.6593921872051401,0.5365855292729801,4.998481070353981,0.010662981400692908,1264.465394587824
286,149,-0.29559582268591533,0.6746646385374755,0.5,1.0,0.015,1.0,0.7047987831224853,1.45,5.0,0.00515,1300.0
286,150,-0.42346437588861624,0.5989869786752335,0.019255541722621103,0.9996105308599952,0.5662981400692908,0.8815513152927468,0.6593921872051401,0.5365855292729801,4.998481070353981,0.010662981400692908,1264.465394587824
286,151,-0.42346437588861624,0.5989869786752335,0.019255541722621103,0.9996105308599952,0.5662981400692908,0.8815513152927468,0.6593921872051401,0.5365855292729801,4.998481070353981,0.010662981400692908,1264.465394587824
286,152,-0.42346437588861624,0.5989869786752335,0.019255541722621103,0.9996105308599952,0.5662981400692908,0.8815513152927468,0.6593921872051401,0.5365855292729801,4.998481070353981,0.010662981400692908,1264.465394587824
286,153,-0.42346437588861624,0.5989869786752335,0.019255541722621103,0.9996105308599952,0.5662981400692908,0.8815513152927468,0.6593921872051401,0.5365855292729801,4.998481070353981,0.010662981400692908,1264.465394587824
286,154,-0.42346437588861624,0.5989869786752335,0.019255541722621103,0.9996105308599952,0.5662981400692908,0.8815513152927468,0.6593921872051401,0.5365855292729801,4.998481070353981,0.010662981400692908,1264.465394587824
286,155,-0.42346437588861624,0.5989869786752335,0.019255541722621103,0.9996105308599952,0.5662981400692908,0.8815513152927468,0.6593921872051401,0.5365855292729801,4.998481070353981,0.010662981400692908,1264.465394587824
286,156,-0.42346437588861624,0.5989869786752335,0.019255541722621103,0.9996105308599952,0.5662981400692908,0.8815513152927468,0.6593921872051401,0.5365855292729801,4.998481070353981,0.010662981400692908,1264.465394587824
286,157,-0.42346437588861624,0.5989869786752335,0.019255541722621103,0.9996105308599952,0.5662981400692908,0.8815513152927468,0.6593921872051401,0.5365855292729801,4.998481070353981,0.010662981400692908,1264.465394587824
286,158,-0.42346437588861624,0.5989869786752335,0.019255541722621103,0.9996105308599952,0.5662981400692908,0.8815513152927468,0.6593921872051401,0.5365855292729801,4.998481070353981,0.010662981400692908,1264.465394587824
286,159,-0.42346437588861624,0.5989869786752335,0.019255541722621103,0.9996105308599952,0.5662981400692908,0.8815513152927468,0.6593921872051401,0.5365855292729801,4.998481070353981,0.010662981400692908,1264.465394587824
286,160,-0.42346437588861624,0.5989869786752335,0.019255541722621103,0.9996105308599952,0.5662981400692908,0.8815513152927468,0.6593921872051401,0.5365855292729801,4.998481070353981,0.010662981400692908,1264.465394587824
286,161,-0.42346437588861624,0.5989869786752335,0.019255541722621103,0.9996105308599952,0.5662981400692908,0.8815513152927468,0.6593921872051401,0.5365855292729801,4.998481070353981,0.010662981400692908,1264.465394587824
286,162,-0.42346437588861624,0.5989869786752335,0.019255541722621103,0.9996105308599952,0.5662981400692908,0.8815513152927468,0.6593921872051401,0.5365855292729801,4.998481070353981,0.010662981400692908,1264.465394587824
286,163,-0.42346437588861624,0.5989869786752335,0.019255541722621103,0.9996105308599952,0.5662981400692908,0.8815513152927468,0.6593921872051401,0.5365855292729801,4.998481070353981,0.010662981400692908,1264.465394587824
286,164,-0.42346437588861624,0.5989869786752335,0.019255541722621103,0.9996105308599952,0.5662981400692908,0.8815513152927468,0.6593921872051401,0.5365855292729801,4.998481070353981,0.010662981400692908,1264.465394587824
286,165,-0.42346437588861624,0.5989869786752335,0.019255541722621103,0.9996105308599952,0.5662981400692908,0.8815513152927468,0.6593921872051401,0.5365855292729801,4.998481070353981,0.010662981400692908,1264.465394587824
286,166,-0.42346437588861624,0.5989869786752335,0.019255541722621103,0.9996105308599952,0.5662981400692908,0.8815513152927468,0.6593921872051401,0.5365855292729801,4.998481070353981,0.010662981400692908,1264.465394587824
286,167,-0.42346437588861624,0.5989869786752335,0.019255541722621103,0.9996105308599952,0.5662981400692908,0.8815513152927468,0.6593921872051401,0.5365855292729801,4.998481070353981,0.010662981400692908,1264.465394587824
286,168,-0.42346437588861624,0.5989869786752335,0.019255541722621103,0.9996105308599952,0.5662981400692908,0.8815513152927468,0.6593921872051401,0.5365855292729801,4.998481070353981,0.010662981400692908,1264.465394587824
286,169,-0.42346437588861624,0.5989869786752335,0.019255541722621103,0.9996105308599952,0.5662981400692908,0.8815513152927468,0.6593921872051401,0.5365855292729801,4.998481070353981,0.010662981400692908,1264.465394587824
286,170,-0.27244955150214395,0.5824550343644351,0.5,1.0,0.015,1.0,0.6494730206186612,1.45,5.0,0.00515,1300.0
286,171,-0.42346437588861624,0.5989869786752335,0.019255541722621103,0.9996105308599952,0.5662981400692908,0.8815513152927468,0.6593921872051401,0.5365855292729801,4.998481070353981,0.010662981400692908,1264.465394587824
286,172,-0.42346437588861624,0.5989869786752335,0.019255541722621103,0.9996105308599952,0.5662981400692908,0.8815513152927468,0.6593921872051401,0.5365855292729801,4.998481070353981,0.010662981400692908,1264.465394587824
286,173,-0.42346437588861624,0.5989869786752335,0.019255541722621103,0.9996105308599952,0.5662981400692908,0.8815513152927468,0.6593921872051401,0.5365855292729801,4.998481070353981,0.010662981400692908,1264.465394587824
286,174,-0.42346437588861624,0.5989869786752335,0.019255541722621103,0.9996105308599952,0.5662981400692908,0.8815513152927468,0.6593921872051401,0.5365855292729801,4.998481070353981,0.010662981400692908,1264.465394587824
286,175,-0.42346437588861624,0.5989869786752335,0.019255541722621103,0.9996105308599952,0.5662981400692908,0.8815513152927468,0.6593921872051401,0.5365855292729801,4.998481070353981,0.010662981400692908,1264.465394587824
286,176,-0.42346437588861624,0.5989869786752335,0.019255541722621103,0.9996105308599952,0.5662981400692908,0.8815513152927468,0.6593921872051401,0.5365855292729801,4.998481070353981,0.010662981400692908,1264.465394587824
286,177,-0.42346437588861624,0.5989869786752335,0.019255541722621103,0.9996105308599952,0.5662981400692908,0.8815513152927468,0.6593921872051401,0.5365855292729801,4.998481070353981,0.010662981400692908,1264.465394587824
286,178,-0.42346437588861624,0.5989869786752335,0.019255541722621103,0.9996105308599952,0.5662981400692908,0.8815513152927468,0.6593921872051401,0.5365855292729801,4.998481070353981,0.010662981400692908,1264.465394587824
286,179,-0.27524795206742025,0.592558187977237,0.5,1.0,0.015,1.0,0.6555349127863422,1.45,5.0,0.00515,1300.0
286,180,-0.42346437588861624,0.5989869786752335,0.019255541722621103,0.9996105308599952,0.5662981400692908,0.8815513152927468,0.6593921872051401,0.5365855292729801,4.998481070353981,0.010662981400692908,1264.465394587824
286,181,-0.28863877402442334,0.6445704152082328,0.5,1.0,0.015,1.0,0.6867422491249398,1.45,5.0,0.00515,1300.0
286,182,-0.42346437588861624,0.5989869786752335,0.019255541722621103,0.9996105308599952,0.5662981400692908,0.8815513152927468,0.6593921872051401,0.5365855292729801,4.998481070353981,0.010662981400692908,1264.465394587824
286,183,-0.42346437588861624,0.5989869786752335,0.019255541722621103,0.9996105308599952,0.5662981400692908,0.8815513152927468,0.6593921872051401,0.5365855292729801,4.998481070353981,0.010662981400692908,1264.465394587824
286,184,-0.42346437588861624,0.5989869786752335,0.019255541722621103,0.9996105308599952,0.5662981400692908,0.8815513152927468,0.6593921872051401,0.5365855292729801,4.998481070353981,0.010662981400692908,1264.465394587824
286,185,-0.42346437588861624,0.5989869786752335,0.019255541722621103,0.9996105308599952,0.5662981400692908,0.8815513152927468,0.6593921872051401,0.5365855292729801,4.998481070353981,0.010662981400692908,1264.465394587824
286,186,-0.42346437588861624,0.5989869786752335,0.019255541722621103,0.9996105308599952,0.5662981400692908,0.8815513152927468,0.6593921872051401,0.5365855292729801,4.998481070353981,0.010662981400692908,1264.465394587824
286,187,-0.42346437588861624,0.5989869786752335,0.019255541722621103,0.9996105308599952,0.5662981400692908,0.8815513152927468,0.6593921872051401,0.5365855292729801,4.998481070353981,0.010662981400692908,1264.465394587824
286,188,-0.42346437588861624,0.5989869786752335,0.019255541722621103,0.9996105308599952,0.5662981400692908,0.8815513152927468,0.6593921872051401,0.5365855292729801,4.998481070353981,0.010662981400692908,1264.465394587824
286,189,-0.42346437588861624,0.5989869786752335,0.019255541722621103,0.9996105308599952,0.5662981400692908,0.8815513152927468,0.6593921872051401,0.5365855292729801,4.998481070353981,0.010662981400692908,1264.465394587824
286,190,-0.42346437588861624,0.5989869786752335,0.019255541722621103,0.9996105308599952,0.5662981400692908,0.8815513152927468,0.6593921872051401,0.5365855292729801,4.998481070353981,0.010662981400692908,1264.465394587824
286,191,-0.42346437588861624,0.5989869786752335,0.019255541722621103,0.9996105308599952,0.5662981400692908,0.8815513152927468,0.6593921872051401,0.5365855292729801,4.998481070353981,0.010662981400692908,1264.465394587824
286,192,-0.42346437588861624,0.5989869786752335,0.019255541722621103,0.9996105308599952,0.5662981400692908,0.8815513152927468,0.6593921872051401,0.5365855292729801,4.998481070353981,0.010662981400692908,1264.465394587824
286,193,-0.42346437588861624,0.5989869786752335,0.019255541722621103,0.9996105308599952,0.5662981400692908,0.8815513152927468,0.6593921872051401,0.5365855292729801,4.998481070353981,0.010662981400692908,1264.465394587824
286,194,-0.42346437588861624,0.5989869786752335,0.019255541722621103,0.9996105308599952,0.5662981400692908,0.8815513152927468,0.6593921872051401,0.5365855292729801,4.998481070353981,0.010662981400692908,1264.465394587824
286,195,-0.42346437588861624,0.5989869786752335,0.019255541722621103,0.9996105308599952,0.5662981400692908,0.8815513152927468,0.6593921872051401,0.5365855292729801,4.998481070353981,0.010662981400692908,1264.465394587824
286,196,-0.42346437588861624,0.5989869786752335,0.019255541722621103,0.9996105308599952,0.5662981400692908,0.8815513152927468,0.6593921872051401,0.5365855292729801,4.998481070353981,0.010662981400692908,1264.465394587824
286,197,-0.42346437588861624,0.5989869786752335,0.019255541722621103,0.9996105308599952,0.5662981400692908,0.8815513152927468,0.6593921872051401,0.5365855292729801,4.998481070353981,0.010662981400692908,1264.465394587824
286,198,-0.42346437588861624,0.5989869786752335,0.019255541722621103,0.9996105308599952,0.5662981400692908,0.8815513152927468,0.6593921872051401,0.5365855292729801,4.998481070353981,0.010662981400692908,1264.465394587824
286,199,-0.42346437588861624,0.5989869786752335,0.019255541722621103,0.9996105308599952,0.5662981400692908,0.8815513152927468,0.6593921872051401,0.5365855292729801,4.998481070353981,0.010662981400692908,1264.465394587824
