iteration,candidate_index,objective,phi_n,u_avg_n,ar_n,lt_1_n,a_0_n,phi,u_avg,ar,lt_1,a_0
451,0,-0.42802941796206506,0.5730896324610713,0.011143071589225163,0.9999618152829817,0.4357645517237636,0.9947963509164317,0.6438537794766428,0.5211718360195278,4.999851079603628,0.009357645517237636,1298.4389052749295
451,1,-0.42802941796206506,0.5730896324610713,0.011143071589225163,0.9999618152829817,0.4357645517237636,0.9947963509164317,0.6438537794766428,0.5211718360195278,4.999851079603628,0.009357645517237636,1298.4389052749295
451,2,-0.42802941796206506,0.5730896324610713,0.011143071589225163,0.9999618152829817,0.4357645517237636,0.9947963509164317,0.6438537794766428,0.5211718360195278,4.999851079603628,0.009357645517237636,1298.4389052749295
451,3,-0.42802941796206506,0.5730896324610713,0.011143071589225163,0.9999618152829817,0.4357645517237636,0.9947963509164317,0.6438537794766428,0.5211718360195278,4.999851079603628,0.009357645517237636,1298.4389052749295
451,4,-0.42802941796206506,0.5730896324610713,0.011143071589225163,0.9999618152829817,0.4357645517237636,0.9947963509164317,0.6438537794766428,0.5211718360195278,4.999851079603628,0.009357645517237636,1298.4389052749295
451,5,-0.42802941796206506,0.5730896324610713,0.011143071589225163,0.9999618152829817,0.4357645517237636,0.9947963509164317,0.6438537794766428,0.5211718360195278,4.999851079603628,0.009357645517237636,1298.4389052749295
451,6,-0.42802941796206506,0.5730896324610713,0.011143071589225163,0.9999618152829817,0.4357645517237636,0.9947963509164317,0.6438537794766428,0.5211718360195278,4.999851079603628,0.009357645517237636,1298.4389052749295
451,7,-0.42802941796206506,0.5730896324610713,0.011143071589225163,0.9999618152829817,0.4357645517237636,0.9947963509164317,0.6438537794766428,0.5211718360195278,4.999851079603628,0.009357645517237636,1298.4389052749295
451,8,-0.42802941796206506,0.5730896324610713,0.011143071589225163,0.9999618152829817,0.4357645517237636,0.9947963509164317,0.6438537794766428,0.5211718360195278,4.999851079603628,0.009357645517237636,1298.4389052749295
451,9,-0.2434937857524894,0.48848947197706055,0.5,1.0,0.015,1.0,0.5930936831862363,1.45,5.0,0.00515,1300.0
451,10,-0.42802941796206506,0.5730896324610713,0.011143071589225163,0.9999618152829817,0.4357645517237636,0.9947963509164317,0.6438537794766428,0.5211718360195278,4.999851079603628,0.009357645517237636,1298.4389052749295
451,11,-0.2771868838241953,0.5996965826636629,0.5,1.0,0.015,1.0,0.6598179495981977,1.45,5.0,0.00515,1300.0
451,12,-0.2546357238548371,0.52271444255151,0.5,1.0,0.015,1.0,0.613628665530906,1.45,5.0,0.00515,1300.0
451,13,-0.42802941796206506,0.5730896324610713,0.011143071589225163,0.9999618152829817,0.4357645517237636,0.9947963509164317,0.6438537794766428,0.5211718360195278,4.999851079603628,0.009357645517237636,1298.4389052749295
451,14,-0.25062985675276594,0.5101744900045756,0.5,1.0,0.015,1.0,0.6061046940027455,1.45,5.0,0.00515,1300.0
451,15,-0.42802941796206506,0.5730896324610713,0.011143071589225163,0.9999618152829817,0.4357645517237636,0.9947963509164317,0.6438537794766428,0.5211718360195278,4.999851079603628,0.009357645517237636,1298.4389052749295
451,16,-0.42802941796206506,0.5730896324610713,0.011143071589225163,0.9999618152829817,0.4357645517237636,0.9947963509164317,0.6438537794766428,0.5211718360195278,4.999851079603628,0.009357645517237636,1298.4389052749295
451,17,-0.42802941796206506,0.5730896324610713,0.011143071589225163,0.9999618152829817,0.4357645517237636,0.9947963509164317,0.6438537794766428,0.5211718360195278,4.999851079603628,0.009357645517237636,1298.4389052749295
451,18,-0.42802941796206506,0.5730896324610713,0.011143071589225163,0.9999618152829817,0.4357645517237636,0.9947963509164317,0.6438537794766428,0.5211718360195278,4.999851079603628,0.009357645517237636,1298.4389052749295
451,19,-0.42802941796206506,0.5730896324610713,0.011143071589225163,0.9999618152829817,0.4357645517237636,0.9947963509164317,0.6438537794766428,0.5211718360195278,4.999851079603628,0.009357645517237636,1298.4389052749295
451,20,-0.42802941796206506,0.5730896324610713,0.011143071589225163,0.9999618152829817,0.4357645517237636,0.9947963509164317,0.6438537794766428,0.5211718360195278,4.999851079603628,0.009357645517237636,1298.4389052749295
451,21,-0.42802941796206506,0.5730896324610713,0.011143071589225163,0.9999618152829817,0.4357645517237636,0.9947963509164317,0.6438537794766428,0.5211718360195278,4.999851079603628,0.009357645517237636,1298.4389052749295
451,22,-0.42802941796206506,0.5730896324610713,0.011143071589225163,0.9999618152829817,0.4357645517237636,0.9947963509164317,0.6438537794766428,0.5211718360195278,4.999851079603628,0.009357645517237636,1298.4389052749295
451,23,-0.42802941796206506,0.5730896324610713,0.011143071589225163,0.9999618152829817,0.4357645517237636,0.9947963509164317,0.6438537794766428,0.5211718360195278,4.999851079603628,0.009357645517237636,1298.4389052749295
451,24,-0.42802941796206506,0.5730896324610713,0.011143071589225163,0.9999618152829817,0.4357645517237636,0.9947963509164317,0.6438537794766428,0.5211718360195278,4.999851079603628,0.009357645517237636,1298.4389052749295
451,25,-0.42802941796206506,0.5730896324610713,0.011143071589225163,0.9999618152829817,0.4357645517237636,0.9947963509164317,0.6438537794766428,0.5211718360195278,4.999851079603628,0.009357645517237636,1298.4389052749295
451,26,-0.42802941796206506,0.5730896324610713,0.011143071589225163,0.9999618152829817,0.4357645517237636,0.9947963509164317,0.6438537794766428,0.5211718360195278,4.999851079603628,0.009357645517237636,1298.4389052749295
451,27,-0.42802941796206506,0.5730896324610713,0.011143071589225163,0.9999618152829817,0.4357645517237636,0.9947963509164317,0.6438537794766428,0.5211718360195278,4.999851079603628,0.009357645517237636,1298.4389052749295
451,28,-0.42802941796206506,0.5730896324610713,0.011143071589225163,0.9999618152829817,0.4357645517237636,0.9947963509164317,0.6438537794766428,0.5211718360195278,4.999851079603628,0.009357645517237636,1298.4389052749295
451,29,-0.42802941796206506,0.5730896324610713,0.011143071589225163,0.9999618152829817,0.4357645517237636,0.9947963509164317,0.6438537794766428,0.5211718360195278,4.999851079603628,0.009357645517237636,1298.4389052749295
451,30,-0.42802941796206506,0.5730896324610713,0.011143071589225163,0.9999618152829817,0.4357645517237636,0.9947963509164317,0.6438537794766428,0.5211718360195278,4.999851079603628,0.009357645517237636,1298.4389052749295
451,31,-0.42802941796206506,0.5730896324610713,0.011143071589225163,0.9999618152829817,0.4357645517237636,0.9947963509164317,0.6438537794766428,0.5211718360195278,4.999851079603628,0.009357645517237636,1298.4389052749295
451,32,-0.42802941796206506,0.5730896324610713,0.011143071589225163,0.9999618152829817,0.4357645517237636,0.9947963509164317,0.6438537794766428,0.5211718360195278,4.999851079603628,0.009357645517237636,1298.4389052749295
451,33,-0.42802941796206506,0.5730896324610713,0.011143071589225163,0.9999618152829817,0.4357645517237636,0.9947963509164317,0.6438537794766428,0.5211718360195278,4.999851079603628,0.009357645517237636,1298.4389052749295
451,34,-0.42802941796206506,0.5730896324610713,0.011143071589225163,0.9999618152829817,0.4357645517237636,0.9947963509164317,0.6438537794766428,0.5211718360195278,4.999851079603628,0.009357645517237636,1298.4389052749295
451,35,-0.42802941796206506,0.5730896324610713,0.011143071589225163,0.9999618152829817,0.4357645517237636,0.9947963509164317,0.6438537794766428,0.5211718360195278,4.999851079603628,0.009357645517237636,1298.4389052749295
451,36,-0.42802941796206506,0.5730896324610713,0.011143071589225163,0.9999618152829817,0.4357645517237636,0.9947963509164317,0.6438537794766428,0.5211718360195278,4.999851079603628,0.009357645517237636,1298.4389052749295
451,37,-0.42802941796206506,0.5730896324610713,0.011143071589225163,0.9999618152829817,0.4357645517237636,0.9947963509164317,0.6438537794766428,0.5211718360195278,4.999851079603628,0.009357645517237636,1298.4389052749295
451,38,-0.42802941796206506,0.5730896324610713,0.011143071589225163,0.9999618152829817,0.4357645517237636,0.9947963509164317,0.6438537794766428,0.5211718360195278,4.999851079603628,0.009357645517237636,1298.4389052749295
451,39,-0.42802941796206506,0.5730896324610713,0.011143071589225163,0.9999618152829817,0.4357645517237636,0.9947963509164317,0.6438537794766428,0.5211718360195278,4.999851079603628,0.009357645517237636,1298.4389052749295
451,40,-0.42802941796206506,0.5730896324610713,0.011143071589225163,0.9999618152829817,0.4357645517237636,0.9947963509164317,0.6438537794766428,0.5211718360195278,4.999851079603628,0.009357645517237636,1298.4389052749295
451,41,-0.26817275817782743,0.5674342887267456,0.5,1.0,0.015,1.0,0.6404605732360474,1.45,5.0,0.00515,1300.0
451,42,-0.42802941796206506,0.5730896324610713,0.011143071589225163,0.9999618152829817,0.4357645517237636,0.9947963509164317,0.6438537794766428,0.5211718360195278,4.999851079603628,0.009357645517237636,1298.4389052749295
451,43,-0.42802941796206506,0.5730896324610713,0.011143071589225163,0.9999618152829817,0.4357645517237636,0.9947963509164317,0.6438537794766428,0.5211718360195278,4.999851079603628,0.009357645517237636,1298.4389052749295
451,44,-0.42802941796206506,0.5730896324610713,0.011143071589225163,0.9999618152829817,0.4357645517237636,0.9947963509164317,0.6438537794766428,0.5211718360195278,4.999851079603628,0.009357645517237636,1298.4389052749295
451,45,-0.42802941796206506,0.5730896324610713,0.011143071589225163,0.9999618152829817,0.4357645517237636,0.9947963509164317,0.6438537794766428,0.5211718360195278,4.999851079603628,0.009357645517237636,1298.4389052749295
451,46,-0.42802941796206506,0.5730896324610713,0.011143071589225163,0.9999618152829817,0.4357645517237636,0.9947963509164317,0.6438537794766428,0.5211718360195278,4.999851079603628,0.009357645517237636,1298.4389052749295
451,47,-0.42802941796206506,0.5730896324610713,0.011143071589225163,0.9999618152829817,0.4357645517237636,0.9947963509164317,0.6438537794766428,0.5211718360195278,4.999851079603628,0.009357645517237636,1298.4389052749295
451,48,-0.42802941796206506,0.5730896324610713,0.011143071589225163,0.9999618152829817,0.4357645517237636,0.9947963509164317,0.6438537794766428,0.5211718360195278,4.999851079603628,0.009357645517237636,1298.4389052749295
451,49,-0.42802941796206506,0.5730896324610713,0.011143071589225163,0.9999618152829817,0.4357645517237636,0.9947963509164317,0.6438537794766428,0.5211718360195278,4.999851079603628,0.009357645517237636,1298.4389052749295
451,50,-0.42802941796206506,0.5730896324610713,0.011143071589225163,0.9999618152829817,0.4357645517237636,0.9947963509164317,0.6438537794766428,0.5211718360195278,4.999851079603628,0.009357645517237636,1298.4389052749295
451,51,-0.42802941796206506,0.5730896324610713,0.011143071589225163,0.9999618152829817,0.4357645517237636,0.9947963509164317,0.6438537794766428,0.5211718360195278,4.999851079603628,0.009357645517237636,1298.4389052749295
451,52,-0.23467772700275946,0.4627093046570102,0.5,1.0,0.015,1.0,0.5776255827942062,1.45,5.0,0.00515,1300.0
451,53,-0.42802941796206506,0.5730896324610713,0.011143071589225163,0.9999618152829817,0.4357645517237636,0.9947963509164317,0.6438537794766428,0.5211718360195278,4.999851079603628,0.009357645517237636,1298.4389052749295
451,54,-0.42802941796206506,0.5730896324610713,0.011143071589225163,0.9999618152829817,0.4357645517237636,0.9947963509164317,0.6438537794766428,0.5211718360195278,4.999851079603628,0.009357645517237636,1298.4389052749295
451,55,-0.42802941796206506,0.5730896324610713,0.011143071589225163,0.9999618152829817,0.4357645517237636,0.9947963509164317,0.6438537794766428,0.5211718360195278,4.999851079603628,0.009357645517237636,1298.4389052749295
451,56,-0.42802941796206506,0.5730896324610713,0.011143071589225163,0.9999618152829817,0.4357645517237636,0.9947963509164317,0.6438537794766428,0.5211718360195278,4.999851079603628,0.009357645517237636,1298.4389052749295
451,57,-0.42802941796206506,0.5730896324610713,0.011143071589225163,0.9999618152829817,0.4357645517237636,0.9947963509164317,0.6438537794766428,0.5211718360195278,4.999851079603628,0.009357645517237636,1298.4389052749295
451,58,-0.42802941796206506,0.5730896324610713,0.011143071589225163,0.9999618152829817,0.4357645517237636,0.9947963509164317,0.6438537794766428,0.5211718360195278,4.999851079603628,0.009357645517237636,1298.4389052749295
451,59,-0.42802941796206506,0.5730896324610713,0.011143071589225163,0.9999618152829817,0.4357645517237636,0.9947963509164317,0.6438537794766428,0.5211718360195278,4.999851079603628,0.009357645517237636,1298.4389052749295
451,60,-0.42802941796206506,0.5730896324610713,0.011143071589225163,0.9999618152829817,0.4357645517237636,0.9947963509164317,0.6438537794766428,0.5211718360195278,4.999851079603628,0.009357645517237636,1298.4389052749295
451,61,-0.42802941796206506,0.5730896324610713,0.011143071589225163,0.9999618152829817,0.4357645517237636,0.9947963509164317,0.6438537794766428,0.5211718360195278,4.999851079603628,0.009357645517237636,1298.4389052749295
451,62,-0.42802941796206506,0.5730896324610713,0.011143071589225163,0.9999618152829817,0.4357645517237636,0.9947963509164317,0.6438537794766428,0.5211718360195278,4.999851079603628,0.009357645517237636,1298.4389052749295
451,63,-0.42802941796206506,0.5730896324610713,0.011143071589225163,0.9999618152829817,0.4357645517237636,0.9947963509164317,0.6438537794766428,0.5211718360195278,4.999851079603628,0.009357645517237636,1298.4389052749295
451,64,-0.42802941796206506,0.5730896324610713,0.011143071589225163,0.9999618152829817,0.4357645517237636,0.9947963509164317,0.6438537794766428,0.5211718360195278,4.999851079603628,0.009357645517237636,1298.4389052749295
451,65,-0.42802941796206506,0.5730896324610713,0.011143071589225163,0.9999618152829817,0.4357645517237636,0.9947963509164317,0.6438537794766428,0.5211718360195278,4.999851079603628,0.009357645517237636,1298.4389052749295
451,66,-0.42802941796206506,0.5730896324610713,0.011143071589225163,0.9999618152829817,0.4357645517237636,0.9947963509164317,0.6438537794766428,0.5211718360195278,4.999851079603628,0.009357645517237636,1298.4389052749295
451,67,-0.42802941796206506,0.5730896324610713,0.011143071589225163,0.9999618152829817,0.4357645517237636,0.9947963509164317,0.6438537794766428,0.5211718360195278,4.999851079603628,0.009357645517237636,1298.4389052749295
451,68,-0.42802941796206506,0.5730896324610713,0.011143071589225163,0.9999618152829817,0.4357645517237636,0.9947963509164317,0.6438537794766428,0.5211718360195278,4.999851079603628,0.009357645517237636,1298.4389052749295
451,69,-0.42802941796206506,0.5730896324610713,0.011143071589225163,0.9999618152829817,0.4357645517237636,0.9947963509164317,0.6438537794766428,0.5211718360195278,4.999851079603628,0.009357645517237636,1298.4389052749295
451,70,-0.42802941796206506,0.5730896324610713,0.011143071589225163,0.9999618152829817,0.4357645517237636,0.9947963509164317,0.6438537794766428,0.5211718360195278,4.999851079603628,0.009357645517237636,1298.4389052749295
451,71,-0.42802941796206506,0.5730896324610713,0.011143071589225163,0.9999618152829817,0.4357645517237636,0.9947963509164317,0.6438537794766428,0.5211718360195278,4.999851079603628,0.009357645517237636,1298.4389052749295
451,72,-0.42802941796206506,0.5730896324610713,0.011143071589225163,0.9999618152829817,0.4357645517237636,0.9947963509164317,0.6438537794766428,0.5211718360195278,4.999851079603628,0.009357645517237636,1298.4389052749295
451,73,-0.25991139161007737,0.5396820237345828,0.5,1.0,0.015,1.0,0.6238092142407498,1.45,5.0,0.00515,1300.0
451,74,-0.42802941796206506,0.5730896324610713,0.011143071589225163,0.9999618152829817,0.4357645517237636,0.9947963509164317,0.6438537794766428,0.5211718360195278,4.999851079603628,0.009357645517237636,1298.4389052749295
451,75,-0.42802941796206506,0.5730896324610713,0.011143071589225163,0.9999618152829817,0.4357645517237636,0.9947963509164317,0.6438537794766428,0.5211718360195278,4.999851079603628,0.009357645517237636,1298.4389052749295
451,76,-0.42802941796206506,0.5730896324610713,0.011143071589225163,0.9999618152829817,0.4357645517237636,0.9947963509164317,0.6438537794766428,0.5211718360195278,4.999851079603628,0.009357645517237636,1298.4389052749295
451,77,-0.42802941796206506,0.5730896324610713,0.011143071589225163,0.9999618152829817,0.4357645517237636,0.9947963509164317,0.6438537794766428,0.5211718360195278,4.999851079603628,0.009357645517237636,1298.4389052749295
451,78,-0.42802941796206506,0.5730896324610713,0.011143071589225163,0.9999618152829817,0.4357645517237636,0.9947963509164317,0.6438537794766428,0.5211718360195278,4.999851079603628,0.009357645517237636,1298.4389052749295
451,79,-0.42802941796206506,0.5730896324610713,0.011143071589225163,0.9999618152829817,0.4357645517237636,0.9947963509164317,0.6438537794766428,0.5211718360195278,4.999851079603628,0.009357645517237636,1298.4389052749295
451,80,-0.42802941796206506,0.5730896324610713,0.011143071589225163,0.9999618152829817,0.4357645517237636,0.9947963509164317,0.6438537794766428,0.5211718360195278,4.999851079603628,0.009357645517237636,1298.4389052749295
451,81,-0.42802941796206506,0.5730896324610713,0.011143071589225163,0.9999618152829817,0.4357645517237636,0.9947963509164317,0.6438537794766428,0.5211718360195278,4.999851079603628,0.009357645517237636,1298.4389052749295
451,82,-0.42802941796206506,0.5730896324610713,0.011143071589225163,0.9999618152829817,0.4357645517237636,0.9947963509164317,0.6438537794766428,0.5211718360195278,4.999851079603628,0.009357645517237636,1298.4389052749295
451,83,-0.42802941796206506,0.5730896324610713,0.011143071589225163,0.9999618152829817,0.4357645517237636,0.9947963509164317,0.6438537794766428,0.5211718360195278,4.999851079603628,0.009357645517237636,1298.4389052749295
451,84,-0.42802941796206506,0.5730896324610713,0.011143071589225163,0.9999618152829817,0.4357645517237636,0.9947963509164317,0.6438537794766428,0.5211718360195278,4.999851079603628,0.009357645517237636,1298.4389052749295
451,85,-0.42802941796206506,0.5730896324610713,0.011143071589225163,0.9999618152829817,0.4357645517237636,0.9947963509164317,0.6438537794766428,0.5211718360195278,4.999851079603628,0.009357645517237636,1298.4389052749295
451,86,-0.23762652245359944,0.47121845577320554,0.5,1.0,0.015,1.0,0.5827310734639233,1.45,5.0,0.00515,1300.0
451,87,-0.42802941796206506,0.5730896324610713,0.011143071589225163,0.9999618152829817,0.4357645517237636,0.9947963509164317,0.6438537794766428,0.5211718360195278,4.999851079603628,0.009357645517237636,1298.4389052749295
451,88,-0.42802941796206506,0.5730896324610713,0.011143071589225163,0.9999618152829817,0.4357645517237636,0.9947963509164317,0.6438537794766428,0.5211718360195278,4.999851079603628,0.009357645517237636,1298.4389052749295
451,89,-0.42802941796206506,0.5730896324610713,0.011143071589225163,0.9999618152829817,0.4357645517237636,0.9947963509164317,0.6438537794766428,0.5211718360195278,4.999851079603628,0.009357645517237636,1298.4389052749295
451,90,-0.29166711370259807,0.6573606635090173,0.5,1.0,0.015,1.0,0.6944163981054104,1.45,5.0,0.00515,1300.0
451,91,-0.42802941796206506,0.5730896324610713,0.011143071589225163,0.9999618152829817,0.4357645517237636,0.9947963509164317,0.6438537794766428,0.5211718360195278,4.999851079603628,0.009357645517237636,1298.4389052749295
451,92,-0.42802941796206506,0.5730896324610713,0.011143071589225163,0.9999618152829817,0.4357645517237636,0.9947963509164317,0.6438537794766428,0.5211718360195278,4.999851079603628,0.009357645517237636,1298.4389052749295
451,93,-0.42802941796206506,0.5730896324610713,0.011143071589225163,0.9999618152829817,0.4357645517237636,0.9947963509164317,0.6438537794766428,0.5211718360195278,4.999851079603628,0.009357645517237636,1298.4389052749295
451,94,-0.42802941796206506,0.5730896324610713,0.011143071589225163,0.9999618152829817,0.4357645517237636,0.9947963509164317,0.6438537794766428,0.5211718360195278,4.999851079603628,0.009357645517237636,1298.4389052749295
451,95,-0.42802941796206506,0.5730896324610713,0.011143071589225163,0.9999618152829817,0.4357645517237636,0.9947963509164317,0.6438537794766428,0.5211718360195278,4.999851079603628,0.009357645517237636,1298.4389052749295
451,96,-0.42802941796206506,0.5730896324610713,0.011143071589225163,0.9999618152829817,0.4357645517237636,0.9947963509164317,0.6438537794766428,0.5211718360195278,4.999851079603628,0.009357645517237636,1298.4389052749295
451,97,-0.42802941796206506,0.5730896324610713,0.011143071589225163,0.9999618152829817,0.4357645517237636,0.9947963509164317,0.6438537794766428,0.5211718360195278,4.999851079603628,0.009357645517237636,1298.4389052749295
451,98,-0.42802941796206506,0.5730896324610713,0.011143071589225163,0.9999618152829817,0.4357645517237636,0.9947963509164317,0.6438537794766428,0.5211718360195278,4.999851079603628,0.009357645517237636,1298.4389052749295
451,99,-0.42802941796206506,0.5730896324610713,0.011143071589225163,0.9999618152829817,0.4357645517237636,0.9947963509164317,0.6438537794766428,0.5211718360195278,4.999851079603628,0.009357645517237636,1298.4389052749295
451,100,-0.23304741010368246,0.4580506678293205,0.5,1.0,0.015,1.0,0.5748304006975924,1.45,5.0,0.00515,1300.0
451,101,-0.42802941796206506,0.5730896324610713,0.011143071589225163,0.9999618152829817,0.4357645517237636,0.9947963509164317,0.6438537794766428,0.5211718360195278,4.999851079603628,0.009357645517237636,1298.4389052749295
451,102,-0.42802941796206506,0.5730896324610713,0.011143071589225163,0.9999618152829817,0.4357645517237636,0.9947963509164317,0.6438537794766428,0.5211718360195278,4.999851079603628,0.009357645517237636,1298.4389052749295
451,103,-0.42802941796206506,0.5730896324610713,0.011143071589225163,0.9999618152829817,0.4357645517237636,0.9947963509164317,0.6438537794766428,0.5211718360195278,4.999851079603628,0.009357645517237636,1298.4389052749295
451,104,-0.42802941796206506,0.5730896324610713,0.011143071589225163,0.9999618152829817,0.4357645517237636,0.9947963509164317,0.6438537794766428,0.5211718360195278,4.999851079603628,0.009357645517237636,1298.4389052749295
451,105,-0.42802941796206506,0.5730896324610713,0.011143071589225163,0.9999618152829817,0.4357645517237636,0.9947963509164317,0.6438537794766428,0.5211718360195278,4.999851079603628,0.009357645517237636,1298.4389052749295
451,106,-0.42802941796206506,0.5730896324610713,0.011143071589225163,0.9999618152829817,0.4357645517237636,0.9947963509164317,0.6438537794766428,0.5211718360195278,4.999851079603628,0.009357645517237636,1298.4389052749295
451,107,-0.42802941796206506,0.5730896324610713,0.011143071589225163,0.9999618152829817,0.4357645517237636,0.9947963509164317,0.6438537794766428,0.5211718360195278,4.999851079603628,0.009357645517237636,1298.4389052749295
451,108,-0.42802941796206506,0.5730896324610713,0.011143071589225163,0.9999618152829817,0.4357645517237636,0.9947963509164317,0.6438537794766428,0.5211718360195278,4.999851079603628,0.009357645517237636,1298.4389052749295
451,109,-0.42802941796206506,0.5730896324610713,0.011143071589225163,0.9999618152829817,0.4357645517237636,0.9947963509164317,0.6438537794766428,0.5211718360195278,4.999851079603628,0.009357645517237636,1298.4389052749295
451,110,-0.42802941796206506,0.5730896324610713,0.011143071589225163,0.9999618152829817,0.4357645517237636,0.9947963509164317,0.6438537794766428,0.5211718360195278,4.999851079603628,0.009357645517237636,1298.4389052749295
451,111,-0.42802941796206506,0.5730896324610713,0.011143071589225163,0.9999618152829817,0.4357645517237636,0.9947963509164317,0.6438537794766428,0.5211718360195278,4.999851079603628,0.009357645517237636,1298.4389052749295
451,112,-0.2776455325465587,0.601402512956465,0.5,1.0,0.015,1.0,0.660841507773879,1.45,5.0,0.00515,1300.0
451,113,-0.42802941796206506,0.5730896324610713,0.011143071589225163,0.9999618152829817,0.4357645517237636,0.9947963509164317,0.6438537794766428,0.5211718360195278,4.999851079603628,0.009357645517237636,1298.4389052749295
451,114,-0.42802941796206506,0.5730896324610713,0.011143071589225163,0.9999618152829817,0.4357645517237636,0.9947963509164317,0.6438537794766428,0.5211718360195278,4.999851079603628,0.009357645517237636,1298.4389052749295
451,115,-0.2855432911910011,0.6319328338825365,0.5,1.0,0.015,1.0,0.679159700329522,1.45,5.0,0.00515,1300.0
451,116,-0.42802941796206506,0.5730896324610713,0.011143071589225163,0.9999618152829817,0.4357645517237636,0.9947963509164317,0.6438537794766428,0.5211718360195278,4.999851079603628,0.009357645517237636,1298.4389052749295
451,117,-0.42802941796206506,0.5730896324610713,0.011143071589225163,0.9999618152829817,0.4357645517237636,0.9947963509164317,0.6438537794766428,0.5211718360195278,4.999851079603628,0.009357645517237636,1298.4389052749295
451,118,-0.42802941796206506,0.5730896324610713,0.011143071589225163,0.9999618152829817,0.4357645517237636,0.9947963509164317,0.6438537794766428,0.5211718360195278,4.999851079603628,0.009357645517237636,1298.4389052749295
451,119,-0.42802941796206506,0.5730896324610713,0.011143071589225163,0.9999618152829817,0.4357645517237636,0.9947963509164317,0.6438537794766428,0.5211718360195278,4.999851079603628,0.009357645517237636,1298.4389052749295
451,120,-0.42802941796206506,0.5730896324610713,0.011143071589225163,0.9999618152829817,0.4357645517237636,0.9947963509164317,0.6438537794766428,0.5211718360195278,4.999851079603628,0.009357645517237636,1298.4389052749295
451,121,-0.42802941796206506,0.5730896324610713,0.011143071589225163,0.9999618152829817,0.4357645517237636,0.9947963509164317,0.6438537794766428,0.5211718360195278,4.999851079603628,0.009357645517237636,1298.4389052749295
451,122,-0.42802941796206506,0.5730896324610713,0.011143071589225163,0.9999618152829817,0.4357645517237636,0.9947963509164317,0.6438537794766428,0.5211718360195278,4.999851079603628,0.009357645517237636,1298.4389052749295
451,123,-0.2839844295089893,0.6257215106876338,0.5,1.0,0.015,1.0,0.6754329064125804,1.45,5.0,0.00515,1300.0
451,124,-0.42802941796206506,0.5730896324610713,0.011143071589225163,0.9999618152829817,0.4357645517237636,0.9947963509164317,0.6438537794766428,0.5211718360195278,4.999851079603628,0.009357645517237636,1298.4389052749295
451,125,-0.42802941796206506,0.5730896324610713,0.011143071589225163,0.9999618152829817,0.4357645517237636,0.9947963509164317,0.6438537794766428,0.5211718360195278,4.999851079603628,0.009357645517237636,1298.4389052749295
451,126,-0.42802941796206506,0.5730896324610713,0.011143071589225163,0.9999618152829817,0.4357645517237636,0.9947963509164317,0.6438537794766428,0.5211718360195278,4.999851079603628,0.009357645517237636,1298.4389052749295
451,127,-0.28361154199858457,0.6242500855679087,0.5,1.0,0.015,1.0,0.6745500513407453,1.45,5.0,0.00515,1300.0
451,128,-0.42802941796206506,0.5730896324610713,0.011143071589225163,0.9999618152829817,0.4357645517237636,0.9947963509164317,0.6438537794766428,0.5211718360195278,4.999851079603628,0.009357645517237636,1298.4389052749295
451,129,-0.26851488669166523,0.5686182926671048,0.5,1.0,0.015,1.0,0.6411709756002629,1.45,5.0,0.00515,1300.0
451,130,-0.42802941796206506,0.5730896324610713,0.011143071589225163,0.9999618152829817,0.4357645517237636,0.9947963509164317,0.6438537794766428,0.5211718360195278,4.999851079603628,0.009357645517237636,1298.4389052749295
451,131,-0.42802941796206506,0.5730896324610713,0.011143071589225163,0.9999618152829817,0.4357645517237636,0.9947963509164317,0.6438537794766428,0.5211718360195278,4.999851079603628,0.009357645517237636,1298.4389052749295
451,132,-0.42802941796206506,0.5730896324610713,0.011143071589225163,0.9999618152829817,0.4357645517237636,0.9947963509164317,0.6438537794766428,0.5211718360195278,4.999851079603628,0.009357645517237636,1298.4389052749295
451,133,-0.42802941796206506,0.5730896324610713,0.011143071589225163,0.9999618152829817,0.4357645517237636,0.9947963509164317,0.6438537794766428,0.5211718360195278,4.999851079603628,0.009357645517237636,1298.4389052749295
451,134,-0.42802941796206506,0.5730896324610713,0.011143071589225163,0.9999618152829817,0.4357645517237636,0.9947963509164317,0.6438537794766428,0.5211718360195278,4.999851079603628,0.009357645517237636,1298.4389052749295
451,135,-0.275402997778787,0.5931247304082476,0.5,1.0,0.015,1.0,0.6558748382449486,1.45,5.0,0.00515,1300.0
451,136,-0.42802941796206506,0.5730896324610713,0.011143071589225163,0.9999618152829817,0.4357645517237636,0.9947963509164317,0.6438537794766428,0.5211718360195278,4.999851079603628,0.009357645517237636,1298.4389052749295
451,137,-0.42802941796206506,0.5730896324610713,0.011143071589225163,0.9999618152829817,0.4357645517237636,0.9947963509164317,0.6438537794766428,0.5211718360195278,4.999851079603628,0.009357645517237636,1298.4389052749295
451,138,-0.42802941796206506,0.5730896324610713,0.011143071589225163,0.9999618152829817,0.4357645517237636,0.9947963509164317,0.6438537794766428,0.5211718360195278,4.999851079603628,0.009357645517237636,1298.4389052749295
451,139,-0.42802941796206506,0.5730896324610713,0.011143071589225163,0.9999618152829817,0.4357645517237636,0.9947963509164317,0.6438537794766428,0.5211718360195278,4.999851079603628,0.009357645517237636,1298.4389052749295
451,140,-0.42802941796206506,0.5730896324610713,0.011143071589225163,0.9999618152829817,0.4357645517237636,0.9947963509164317,0.6438537794766428,0.5211718360195278,4.999851079603628,0.009357645517237636,1298.4389052749295
451,141,-0.42802941796206506,0.5730896324610713,0.011143071589225163,0.9999618152829817,0.4357645517237636,0.9947963509164317,0.6438537794766428,0.5211718360195278,4.999851079603628,0.009357645517237636,1298.4389052749295
451,142,-0.42802941796206506,0.5730896324610713,0.011143071589225163,0.9999618152829817,0.4357645517237636,0.9947963509164317,0.6438537794766428,0.5211718360195278,4.999851079603628,0.009357645517237636,1298.4389052749295
451,143,-0.42802941796206506,0.5730896324610713,0.011143071589225163,0.9999618152829817,0.4357645517237636,0.9947963509164317,0.6438537794766428,0.5211718360195278,4.999851079603628,0.009357645517237636,1298.4389052749295
451,144,-0.42802941796206506,0.5730896324610713,0.011143071589225163,0.9999618152829817,0.4357645517237636,0.9947963509164317,0.6438537794766428,0.5211718360195278,4.999851079603628,0.009357645517237636,1298.4389052749295
451,145,-0.42802941796206506,0.5730896324610713,0.011143071589225163,0.9999618152829817,0.4357645517237636,0.9947963509164317,0.6438537794766428,0.5211718360195278,4.999851079603628,0.009357645517237636,1298.4389052749295
451,146,-0.42802941796206506,0.5730896324610713,0.011143071589225163,0.9999618152829817,0.4357645517237636,0.9947963509164317,0.6438537794766428,0.5211718360195278,4.999851079603628,0.009357645517237636,1298.4389052749295
451,147,-0.42802941796206506,0.5730896324610713,0.011143071589225163,0.9999618152829817,0.4357645517237636,0.9947963509164317,0.6438537794766428,0.5211718360195278,4.999851079603628,0.009357645517237636,1298.4389052749295
451,148,-0.42802941796206506,0.5730896324610713,0.011143071589225163,0.9999618152829817,0.4357645517237636,0.9947963509164317,0.6438537794766428,0.5211718360195278,4.999851079603628,0.009357645517237636,1298.4389052749295
451,149,-0.26481955427680115,0.5559817422130026,0.5,1.0,0.015,1.0,0.6335890453278016,1.45,5.0,0.00515,1300.0
451,150,-0.42802941796206506,0.5730896324610713,0.011143071589225163,0.9999618152829817,0.4357645517237636,0.9947963509164317,0.6438537794766428,0.5211718360195278,4.999851079603628,0.009357645517237636,1298.4389052749295
451,151,-0.42802941796206506,0.5730896324610713,0.011143071589225163,0.9999618152829817,0.4357645517237636,0.9947963509164317,0.6438537794766428,0.5211718360195278,4.999851079603628,0.009357645517237636,1298.4389052749295
451,152,-0.25343750374919494,0.5189338972734796,0.5,1.0,0.015,1.0,0.6113603383640878,1.45,5.0,0.00515,1300.0
451,153,-0.42802941796206506,0.5730896324610713,0.011143071589225163,0.9999618152829817,0.4357645517237636,0.9947963509164317,0.6438537794766428,0.5211718360195278,4.999851079603628,0.009357645517237636,1298.4389052749295
451,154,-0.42802941796206506,0.5730896324610713,0.011143071589225163,0.9999618152829817,0.4357645517237636,0.9947963509164317,0.6438537794766428,0.5211718360195278,4.999851079603628,0.009357645517237636,1298.4389052749295
451,155,-0.42802941796206506,0.5730896324610713,0.011143071589225163,0.9999618152829817,0.4357645517237636,0.9947963509164317,0.6438537794766428,0.5211718360195278,4.999851079603628,0.009357645517237636,1298.4389052749295
451,156,-0.42802941796206506,0.5730896324610713,0.011143071589225163,0.9999618152829817,0.4357645517237636,0.9947963509164317,0.6438537794766428,0.5211718360195278,4.999851079603628,0.009357645517237636,1298.4389052749295
451,157,-0.42802941796206506,0.5730896324610713,0.011143071589225163,0.9999618152829817,0.4357645517237636,0.9947963509164317,0.6438537794766428,0.5211718360195278,4.999851079603628,0.009357645517237636,1298.4389052749295
451,158,-0.42802941796206506,0.5730896324610713,0.011143071589225163,0.9999618152829817,0.4357645517237636,0.9947963509164317,0.6438537794766428,0.5211718360195278,4.999851079603628,0.009357645517237636,1298.4389052749295
451,159,-0.2939539167586599,0.6673284785394535,0.5,1.0,0.015,1.0,0.7003970871236722,1.45,5.0,0.00515,1300.0
451,160,-0.27113049527818933,0.5777701287991124,0.5,1.0,0.015,1.0,0.6466620772794675,1.45,5.0,0.00515,1300.0
451,161,-0.42802941796206506,0.5730896324610713,0.011143071589225163,0.9999618152829817,0.4357645517237636,0.9947963509164317,0.6438537794766428,0.5211718360195278,4.999851079603628,0.009357645517237636,1298.4389052749295
451,162,-0.42802941796206506,0.5730896324610713,0.011143071589225163,0.9999618152829817,0.4357645517237636,0.9947963509164317,0.6438537794766428,0.5211718360195278,4.999851079603628,0.009357645517237636,1298.4389052749295
451,163,-0.42802941796206506,0.5730896324610713,0.011143071589225163,0.9999618152829817,0.4357645517237636,0.9947963509164317,0.6438537794766428,0.5211718360195278,4.999851079603628,0.009357645517237636,1298.4389052749295
451,164,-0.2638132787232795,0.5525966342021673,0.5,1.0,0.015,1.0,0.6315579805213004,1.45,5.0,0.00515,1300.0
451,165,-0.2739433477639982,0.5878196804595105,0.5,1.0,0.015,1.0,0.6526918082757063,1.45,5.0,0.00515,1300.0
451,166,-0.42802941796206506,0.5730896324610713,0.011143071589225163,0.9999618152829817,0.4357645517237636,0.9947963509164317,0.6438537794766428,0.5211718360195278,4.999851079603628,0.009357645517237636,1298.4389052749295
451,167,-0.42802941796206506,0.5730896324610713,0.011143071589225163,0.9999618152829817,0.4357645517237636,0.9947963509164317,0.6438537794766428,0.5211718360195278,4.999851079603628,0.009357645517237636,1298.4389052749295
451,168,-0.42802941796206506,0.5730896324610713,0.011143071589225163,0.9999618152829817,0.4357645517237636,0.9947963509164317,0.6438537794766428,0.5211718360195278,4.999851079603628,0.009357645517237636,1298.4389052749295
451,169,-0.42802941796206506,0.5730896324610713,0.011143071589225163,0.9999618152829817,0.4357645517237636,0.9947963509164317,0.6438537794766428,0.5211718360195278,4.999851079603628,0.009357645517237636,1298.4389052749295
451,170,-0.42802941796206506,0.5730896324610713,0.011143071589225163,0.9999618152829817,0.4357645517237636,0.9947963509164317,0.6438537794766428,0.5211718360195278,4.999851079603628,0.009357645517237636,1298.4389052749295
451,171,-0.42802941796206506,0.5730896324610713,0.011143071589225163,0.9999618152829817,0.4357645517237636,0.9947963509164317,0.6438537794766428,0.5211718360195278,4.999851079603628,0.009357645517237636,1298.4389052749295
451,172,-0.42802941796206506,0.5730896324610713,0.011143071589225163,0.9999618152829817,0.4357645517237636,0.9947963509164317,0.6438537794766428,0.5211718360195278,4.999851079603628,0.009357645517237636,1298.4389052749295
451,173,-0.42802941796206506,0.5730896324610713,0.011143071589225163,0.9999618152829817,0.4357645517237636,0.9947963509164317,0.6438537794766428,0.5211718360195278,4.999851079603628,0.009357645517237636,1298.4389052749295
451,174,-0.42802941796206506,0.5730896324610713,0.011143071589225163,0.9999618152829817,0.4357645517237636,0.9947963509164317,0.6438537794766428,0.5211718360195278,4.999851079603628,0.009357645517237636,1298.4389052749295
451,175,-0.42802941796206506,0.5730896324610713,0.011143071589225163,0.9999618152829817,0.4357645517237636,0.9947963509164317,0.6438537794766428,0.5211718360195278,4.999851079603628,0.009357645517237636,1298.4389052749295
451,176,-0.42802941796206506,0.5730896324610713,0.011143071589225163,0.9999618152829817,0.4357645517237636,0.9947963509164317,0.6438537794766428,0.5211718360195278,4.999851079603628,0.009357645517237636,1298.4389052749295
451,177,-0.42802941796206506,0.5730896324610713,0.011143071589225163,0.9999618152829817,0.4357645517237636,0.9947963509164317,0.6438537794766428,0.5211718360195278,4.999851079603628,0.009357645517237636,1298.4389052749295
451,178,-0.42802941796206506,0.5730896324610713,0.011143071589225163,0.9999618152829817,0.4357645517237636,0.9947963509164317,0.6438537794766428,0.5211718360195278,4.999851079603628,0.009357645517237636,1298.4389052749295
451,179,-0.2583174565864154,0.534498231312527,0.5,1.0,0.015,1.0,0.6206989387875163,1.45,5.0,0.00515,1300.0
451,180,-0.42802941796206506,0.5730896324610713,0.011143071589225163,0.9999618152829817,0.4357645517237636,0.9947963509164317,0.6438537794766428,0.5211718360195278,4.999851079603628,0.009357645517237636,1298.4389052749295
451,181,-0.42802941796206506,0.5730896324610713,0.011143071589225163,0.9999618152829817,0.4357645517237636,0.9947963509164317,0.6438537794766428,0.5211718360195278,4.999851079603628,0.009357645517237636,1298.4389052749295
451,182,-0.42802941796206506,0.5730896324610713,0.011143071589225163,0.9999618152829817,0.4357645517237636,0.9947963509164317,0.6438537794766428,0.5211718360195278,4.999851079603628,0.009357645517237636,1298.4389052749295
451,183,-0.42802941796206506,0.5730896324610713,0.011143071589225163,0.9999618152829817,0.4357645517237636,0.9947963509164317,0.6438537794766428,0.5211718360195278,4.999851079603628,0.009357645517237636,1298.4389052749295
451,184,-0.42802941796206506,0.5730896324610713,0.011143071589225163,0.9999618152829817,0.4357645517237636,0.9947963509164317,0.6438537794766428,0.5211718360195278,4.999851079603628,0.009357645517237636,1298.4389052749295
451,185,-0.42802941796206506,0.5730896324610713,0.011143071589225163,0.9999618152829817,0.4357645517237636,0.9947963509164317,0.6438537794766428,0.5211718360195278,4.999851079603628,0.009357645517237636,1298.4389052749295
451,186,-0.42802941796206506,0.5730896324610713,0.011143071589225163,0.9999618152829817,0.4357645517237636,0.9947963509164317,0.6438537794766428,0.5211718360195278,4.999851079603628,0.009357645517237636,1298.4389052749295
451,187,-0.42802941796206506,0.5730896324610713,0.011143071589225163,0.9999618152829817,0.4357645517237636,0.9947963509164317,0.6438537794766428,0.5211718360195278,4.999851079603628,0.009357645517237636,1298.4389052749295
451,188,-0.42802941796206506,0.5730896324610713,0.011143071589225163,0.9999618152829817,0.4357645517237636,0.9947963509164317,0.6438537794766428,0.5211718360195278,4.999851079603628,0.009357645517237636,1298.4389052749295
451,189,-0.42802941796206506,0.5730896324610713,0.011143071589225163,0.9999618152829817,0.4357645517237636,0.9947963509164317,0.6438537794766428,0.5211718360195278,4.999851079603628,0.009357645517237636,1298.4389052749295
451,190,-0.42802941796206506,0.5730896324610713,0.011143071589225163,0.9999618152829817,0.4357645517237636,0.9947963509164317,0.6438537794766428,0.5211718360195278,4.999851079603628,0.009357645517237636,1298.4389052749295
451,191,-0.42802941796206506,0.5730896324610713,0.011143071589225163,0.9999618152829817,0.4357645517237636,0.9947963509164317,0.6438537794766428,0.5211718360195278,4.999851079603628,0.009357645517237636,1298.4389052749295
451,192,-0.42802941796206506,0.5730896324610713,0.011143071589225163,0.9999618152829817,0.4357645517237636,0.9947963509164317,0.6438537794766428,0.5211718360195278,4.999851079603628,0.009357645517237636,1298.4389052749295
451,193,-0.42802941796206506,0.5730896324610713,0.011143071589225163,0.9999618152829817,0.4357645517237636,0.9947963509164317,0.6438537794766428,0.5211718360195278,4.999851079603628,0.009357645517237636,1298.4389052749295
451,194,-0.42802941796206506,0.5730896324610713,0.011143071589225163,0.9999618152829817,0.4357645517237636,0.9947963509164317,0.6438537794766428,0.5211718360195278,4.999851079603628,0.009357645517237636,1298.4389052749295
451,195,-0.42802941796206506,0.5730896324610713,0.011143071589225163,0.9999618152829817,0.4357645517237636,0.9947963509164317,0.6438537794766428,0.5211718360195278,4.999851079603628,0.009357645517237636,1298.4389052749295
451,196,-0.42802941796206506,0.5730896324610713,0.011143071589225163,0.9999618152829817,0.4357645517237636,0.9947963509164317,0.6438537794766428,0.5211718360195278,4.999851079603628,0.009357645517237636,1298.4389052749295
451,197,-0.2753060464874726,0.5927703814658567,0.5,1.0,0.015,1.0,0.6556622288795141,1.45,5.0,0.00515,1300.0
451,198,-0.42802941796206506,0.5730896324610713,0.011143071589225163,0.9999618152829817,0.4357645517237636,0.9947963509164317,0.6438537794766428,0.5211718360195278,4.999851079603628,0.009357645517237636,1298.4389052749295
451,199,-0.42802941796206506,0.5730896324610713,0.011143071589225163,0.9999618152829817,0.4357645517237636,0.9947963509164317,0.6438537794766428,0.5211718360195278,4.999851079603628,0.009357645517237636,1298.4389052749295
