iteration,candidate_index,objective,phi_n,u_avg_n,ar_n,lt_1_n,a_0_n,phi,u_avg,ar,lt_1,a_0
16,0,-0.4206332589553867,0.5949165198848828,0.02077638390225372,0.9819304332176472,0.536282581994012,0.6102444210026272,0.6569499119309297,0.5394751294142821,4.929528689548825,0.010362825819940118,1183.0733263007883
16,1,-0.41876351880118,0.6188882079471432,0.023250839167369086,0.986070917225565,0.4691135568374448,0.5816599836041689,0.671332924768286,0.5441765944180013,4.945676577179704,0.009691135568374448,1174.4979950812508
16,2,-0.4170777567138114,0.6214955459626645,0.023789233897319417,0.9768917189163089,0.3536893399089738,0.570640338668697,0.6728973275775988,0.5451995444049069,4.9098777037736046,0.008536893399089737,1171.192101600609
16,3,-0.4176304316150061,0.6324887730083614,0.022677157548913914,0.9850272962225421,0.344326458803151,0.5350696351377834,0.6794932638050168,0.5430865993429365,4.941606455267914,0.00844326458803151,1160.5208905413351
16,4,-0.4176668237299164,0.6283051343455724,0.024704213681784264,0.986070917225565,0.5028993574168505,0.6171165484798348,0.6769830806073436,0.5469380059953901,4.945676577179704,0.010028993574168504,1185.1349645439504
16,5,-0.418611057931782,0.6049981989500138,0.023870591421001116,0.9813539984863199,0.47437710782841724,0.5898472181388059,0.6629989193700083,0.5453541236999021,4.927280594096647,0.009743771078284173,1176.9541654416419
16,6,-0.4162926456327515,0.6339946027653938,0.02459306980578388,0.9778323603338677,0.44999687436330904,0.6236602638655933,0.6803967616592363,0.5467268326309893,4.913546205302084,0.00949996874363309,1187.098079159678
16,7,-0.41823670060571816,0.6176921799101522,0.02394913951505133,0.9819304332176472,0.5305072681450702,0.5845492085503275,0.6706153079460914,0.5455033650785975,4.929528689548825,0.010305072681450702,1175.3647625650983
16,8,-0.31025470875905264,0.7490128381174337,0.5,1.0,0.015,1.0,0.7494077028704602,1.45,5.0,0.00515,1300.0
16,9,-0.4200656547419616,0.6078816572255658,0.02077638390225372,0.9805088268615796,0.536282581994012,0.6522732754376475,0.6647289943353395,0.5394751294142821,4.92398442476016,0.010362825819940118,1195.6819826312942
16,10,-0.41879171970436035,0.6049981989500138,0.023311861913157837,0.9786775319586078,0.536282581994012,0.6585308791749014,0.6629989193700083,0.5442925376349999,4.916842374638571,0.010362825819940118,1197.5592637524705
16,11,-0.41863872164789595,0.6064596323908698,0.023291217479703266,0.9819304332176472,0.3821510619246389,0.5688228326022531,0.6638757794345219,0.5442533132114362,4.929528689548825,0.008821510619246388,1170.646849780676
16,12,-0.4190960324604578,0.5950833968399335,0.02370551347500461,0.9819304332176472,0.4792214055261305,0.7015928389087247,0.6570500381039601,0.5450404756025088,4.929528689548825,0.009792214055261305,1210.4778516726174
16,13,-0.4203568808983406,0.5949165198848828,0.02077638390225372,0.9819304332176472,0.43209638441580855,0.6102444210026272,0.6569499119309297,0.5394751294142821,4.929528689548825,0.009320963844158085,1183.0733263007883
16,14,-0.4175893250138479,0.6349366207048462,0.023690089417491074,0.9829311868299613,0.626201396616373,0.608612834720837,0.6809619724229078,0.5450111698932331,4.933431628636849,0.01126201396616373,1182.5838504162512
16,15,-0.41868882319896594,0.5979543762748591,0.024194949779832255,0.9808448275980903,0.5082606021650516,0.59774856137642,0.6587726257649156,0.5459704045816813,4.925294827632552,0.010082606021650516,1179.324568412926
16,16,-0.4182825095281435,0.5977433103492751,0.02454507508427651,0.9806671381482222,0.4159381304703046,0.6340310539662557,0.658645986209565,0.5466356426601253,4.924601838778067,0.009159381304703045,1190.2093161898767
16,17,-0.4188781329415804,0.5949165198848828,0.02397870616733227,0.9816206381811483,0.4774857334267495,0.6285701367991593,0.6569499119309297,0.5455595417179313,4.928320488906478,0.009774857334267494,1188.5710410397478
16,18,-0.4172877576577813,0.6133176410246561,0.024797933806076453,0.9792002968415685,0.34249914125068714,0.6056720766525074,0.6679905846147938,0.5471160742315453,4.918881157682117,0.00842499141250687,1181.7016229957521
16,19,-0.4192346359870309,0.5949165198848828,0.023726673028890755,0.9826481945310168,0.5258508327347639,0.6147561070657905,0.6569499119309297,0.5450806787548924,4.932327958670966,0.010258508327347638,1184.4268321197371
16,20,-0.4165158982787805,0.6331284025943278,0.02573742977548097,0.982617229520414,0.501770704907084,0.5952757029148814,0.6798770415565967,0.5489011165734139,4.932207195129615,0.010017707049070838,1178.5827108744645
16,21,-0.41958417895289224,0.6112165913203563,0.022340694932319705,0.984578467981154,0.5252740099495377,0.6251314572486658,0.6667299547922139,0.5424473203714074,4.939856025126501,0.010252740099495377,1187.5394371745997
16,22,-0.4195037191726871,0.6200704046637014,0.02066331117736078,0.9824657704929562,0.4964543454632898,0.5551709652847815,0.6720422427982209,0.5392602912369855,4.93161650492253,0.009964543454632897,1166.5512895854345
16,23,-0.41754643676524683,0.6097041601310361,0.025225198183345503,0.9818053630864654,0.3679842852352112,0.5270831961516929,0.6658224960786217,0.5479278765483564,4.929040916037215,0.008679842852352113,1158.1249588455078
16,24,-0.4180554993080984,0.6189587693892218,0.021731996822472642,0.9695852300194046,0.6133802854353373,0.6185593716597867,0.6713752616335331,0.541290793962698,4.881382397075678,0.011133802854353371,1185.567811497936
16,25,-0.41712497527744175,0.6151832788759618,0.024765588033281143,0.9765945691454674,0.40992049389885865,0.6256964660459107,0.6691099673255771,0.5470546172632341,4.908718819667323,0.009099204938988586,1187.7089398137732
16,26,-0.41743790594040503,0.6027745823960352,0.02507747282367752,0.974512691680961,0.5090200591646317,0.5763864836501977,0.6616647494376211,0.5476471983649873,4.900599497555747,0.010090200591646316,1172.9159450950592
16,27,-0.4192811365481886,0.6061201298257008,0.02323127235759883,0.9855129026521697,0.4640704254234984,0.5625736032291003,0.6636720778954206,0.5441394174794377,4.943500320343462,0.009640704254234984,1168.77208096873
16,28,-0.4151893373852192,0.6406906283738907,0.02522833003784981,0.9707136465381669,0.6262295258414695,0.5860298370361783,0.6844143770243345,0.5479338270719146,4.885783221498851,0.011262295258414694,1175.8089511108535
16,29,-0.4173725933273971,0.6249988464327761,0.024644051414213435,0.986070917225565,0.30599989360854263,0.5960755043161519,0.6749993078596657,0.5468236976870056,4.945676577179704,0.008059998936085427,1178.8226512948456
16,30,-0.41779269184517226,0.6318576614364936,0.02376911673275629,0.9829311868299613,0.626201396616373,0.608612834720837,0.6791145968618961,0.545161321792237,4.933431628636849,0.01126201396616373,1182.5838504162512
16,31,-0.4176671413496544,0.6215639983403838,0.024711887720056655,0.9794351858009108,0.6259222219348752,0.5782830645580885,0.6729383990042304,0.5469525866681076,4.919797224623553,0.01125922221934875,1173.4849193674265
16,32,-0.4176999185117228,0.6189587693892218,0.025896702862221142,0.9832622722234285,0.6136875893419316,0.6185593716597867,0.6713752616335331,0.5492037354382202,4.934722861671371,0.011136875893419315,1185.567811497936
16,33,-0.42014481600974657,0.6081548991681753,0.020711346102669916,0.9819304332176472,0.511854804336212,0.6102444210026272,0.6648929395009052,0.5393515575950728,4.929528689548825,0.01011854804336212,1183.0733263007883
16,34,-0.4174894589391887,0.6204124821531467,0.020665890288864543,0.9655732830625587,0.4394453231471773,0.5360207370081023,0.672247489291888,0.5392651915488427,4.865735803943979,0.009394453231471773,1160.8062211024308
16,35,-0.4175306657781982,0.628746580703119,0.021420925676951138,0.9748057451419709,0.41411209984620867,0.5347122509433065,0.6772479484218714,0.5406997587862071,4.901742406053687,0.009141120998462086,1160.413675282992
16,36,-0.24729633498467907,0.4999456714862265,0.5,1.0,0.015,1.0,0.5999674028917359,1.45,5.0,0.00515,1300.0
16,37,-0.41849238737791444,0.610302108258965,0.023998714829578365,0.9832885257712872,0.4463984525096121,0.5924762153605984,0.6661812649553791,0.5455975581761989,4.93482525050802,0.009463984525096121,1177.7428646081794
16,38,-0.4185741850090691,0.6010808630526059,0.02397589051025492,0.9812092566755866,0.44747549768797323,0.5612353663635371,0.6606485178315635,0.5455541919694844,4.9267161010347875,0.009474754976879732,1168.3706099090612
16,39,-0.4174112649884352,0.6006026569749311,0.023955873606202972,0.9712181292530311,0.40836488968295126,0.5965553602588659,0.6603615941849588,0.5455161598517857,4.887750704086821,0.009083648896829513,1178.9666080776597
16,40,-0.41847903214554233,0.6012012841737436,0.024917004563252056,0.9849148109789008,0.39963294819419715,0.685695431195924,0.6607207705042462,0.5473423086701789,4.941167762817713,0.00899632948194197,1205.7086293587772
16,41,-0.41852102007621883,0.6134943007649385,0.022691355019098698,0.9772559256025404,0.5290405773206388,0.6115358610062267,0.6680965804589631,0.5431135745362875,4.911298109849907,0.010290405773206387,1183.460758301868
16,42,-0.419794448727918,0.6091886441335519,0.02161607269358247,0.9819304332176472,0.5354797567431884,0.6885965533547229,0.6655131864801311,0.5410705381178067,4.929528689548825,0.010354797567431883,1206.578966006417
16,43,-0.41869533661230607,0.6004080089698439,0.02472307872947865,0.986070917225565,0.4114346256278257,0.5960755043161519,0.6602448053819063,0.5469738495860095,4.945676577179704,0.009114346256278256,1178.8226512948456
16,44,-0.4164065975563033,0.6204987735982679,0.023955873606202972,0.9712181292530311,0.31126179571661267,0.702936586989971,0.6722992641589608,0.5455161598517857,4.887750704086821,0.008112617957166127,1210.8809760969914
16,45,-0.41848798830081446,0.6080008627647383,0.02387498980171269,0.9819038802257052,0.4546067515192692,0.5556700645501156,0.664800517658843,0.5453624806232541,4.92942513288025,0.009546067515192692,1166.7010193650347
16,46,-0.41776479460326915,0.6294861091936369,0.023133126015630463,0.9831152679911586,0.42600228927789385,0.6799593041975895,0.6776916655161822,0.5439529394296979,4.934149545165518,0.009260022892778937,1203.987791259277
16,47,-0.41731964644667285,0.6031997596332579,0.02370551347500461,0.9663528793294099,0.536282581994012,0.6858902147439977,0.6619198557799548,0.5450404756025088,4.868776229384698,0.010362825819940118,1205.7670644231994
16,48,-0.4182900547397051,0.6291305349308106,0.021990959868359573,0.986070917225565,0.3453985973477093,0.5421997892947363,0.6774783209584865,0.5417828237498832,4.945676577179704,0.008453985973477093,1162.659936788421
16,49,-0.4154754494012135,0.600954124878009,0.024799456886019797,0.9537488019572636,0.5868576558505969,0.5429525963869674,0.6605724749268055,0.5471189680834376,4.819620327633328,0.010868576558505968,1162.8857789160902
16,50,-0.4175379877633764,0.6173361397401792,0.02466655071326529,0.9786653118853129,0.5307274633124863,0.5190611276758306,0.6704016838441076,0.5468664463552041,4.916794716352721,0.010307274633124863,1155.718338302749
16,51,-0.4201913410638153,0.6078816572255658,0.02077638390225372,0.9819304332176472,0.536282581994012,0.6102444210026272,0.6647289943353395,0.5394751294142821,4.929528689548825,0.010362825819940118,1183.0733263007883
16,52,-0.41831869737465993,0.6184638667453842,0.022316994335209853,0.9768917189163089,0.516803003137876,0.5562248179567142,0.6710783200472306,0.5424022892368987,4.9098777037736046,0.010168030031378759,1166.8674453870142
16,53,-0.41831027186419356,0.6015222782863152,0.02279974171425141,0.9750570891227424,0.415841061664767,0.4750288101804322,0.6609133669717892,0.5433195092570777,4.902722647578695,0.00915841061664767,1142.5086430541296
16,54,-0.41743199307976453,0.6276594147837815,0.023393127929976817,0.9781692909479598,0.5077783584230366,0.6164297369971812,0.6765956488702689,0.544446943066956,4.914860234697043,0.010077783584230365,1184.9289210991544
16,55,-0.41909057018094203,0.6022761241116672,0.02380908363980179,0.9826632567302388,0.5350520004402709,0.678194915566935,0.6613656744670003,0.5452372589156234,4.932386701247932,0.01035052000440271,1203.4584746700805
16,56,-0.41850172673951197,0.595457441518202,0.024813434398454876,0.9841819874663091,0.3925318916949938,0.6027121278066087,0.6572744649109212,0.5471455253570643,4.938309751118606,0.008925318916949938,1180.8136383419826
16,57,-0.2771878901295732,0.5997003181803476,0.5,1.0,0.015,1.0,0.6598201909082086,1.45,5.0,0.00515,1300.0
16,58,-0.42011500966366294,0.5980220885144486,0.022068080916314976,0.9840664574547213,0.5045781084378708,0.6731465882977958,0.6588132531086692,0.5419293537409985,4.937859184073413,0.010045781084378707,1201.9439764893386
16,59,-0.4195594856627195,0.6028170457449864,0.022795143797135285,0.9849148109789008,0.4672570234492962,0.5856336197424068,0.6616902274469919,0.543310773214557,4.941167762817713,0.009672570234492962,1175.6900859227221
16,60,-0.4193811253403954,0.5949165198848828,0.02289824466837049,0.9819304332176472,0.4603268686859685,0.6039250057250394,0.6569499119309297,0.543506664869904,4.929528689548825,0.009603268686859685,1181.1775017175119
16,61,-0.4180642630197938,0.5949165198848828,0.02232593058986586,0.9694455699813849,0.40055531410907325,0.5160939249202818,0.6569499119309297,0.5424192681207451,4.880837722927401,0.009005553141090732,1154.8281774760846
16,62,-0.4206332589553867,0.5949165198848828,0.02077638390225372,0.9819304332176472,0.536282581994012,0.6102444210026272,0.6569499119309297,0.5394751294142821,4.929528689548825,0.010362825819940118,1183.0733263007883
16,63,-0.4167946322903563,0.6406906283738907,0.02522833003784981,0.986070917225565,0.6262295258414695,0.5570050206308224,0.6844143770243345,0.5479338270719146,4.945676577179704,0.011262295258414694,1167.1015061892467
16,64,-0.41829922213590953,0.6236258983558338,0.022677157548913914,0.9850272962225421,0.344326458803151,0.602242123904696,0.6741755390135004,0.5430865993429365,4.941606455267914,0.00844326458803151,1180.6726371714087
16,65,-0.41756457613607917,0.6174273957205626,0.024214722941321723,0.9750950704138805,0.6005153840311965,0.5697632348541948,0.6704564374323376,0.5460079735885113,4.902870774614135,0.011005153840311964,1170.9289704562584
16,66,-0.41792737222210635,0.6059265452173062,0.02456812655805509,0.9766265407987744,0.5505488250308581,0.5782830645580885,0.6635559271303837,0.5466794404603047,4.90884350911522,0.01050548825030858,1173.4849193674265
16,67,-0.417458459349158,0.631468303348697,0.022466711928251577,0.9799275484200944,0.41839667804013764,0.553972294277541,0.6788809820092182,0.542686752663678,4.921717438838368,0.009183966780401375,1166.1916882832622
16,68,-0.41765482729888076,0.6320762416092837,0.022216575504619276,0.9812075404367593,0.42031685389045964,0.5502024057109492,0.6792457449655702,0.5422114934587766,4.9267094077033615,0.009203168538904596,1165.0607217132847
16,69,-0.41806778451273197,0.6113143028030474,0.02375014570210795,0.9810133068145215,0.37747257918169375,0.4805649934263396,0.6667885816818285,0.5451252768340051,4.925951896576634,0.008774725791816937,1144.169498027902
16,70,-0.41898881414319555,0.6000686685085234,0.024224459637725338,0.9834844756323523,0.5164013710158916,0.6731465882977958,0.660041201105114,0.5460264733116782,4.935589454966173,0.010164013710158914,1201.9439764893386
16,71,-0.4196161617870594,0.6007202680755583,0.02235506133806846,0.986070917225565,0.3453985973477093,0.5421997892947363,0.6604321608453351,0.5424746165423301,4.945676577179704,0.008453985973477093,1162.659936788421
16,72,-0.41740412392350545,0.6270331505836435,0.023610335361118732,0.9819304332176472,0.36839743472332503,0.59774856137642,0.6762198903501861,0.5448596371861256,4.929528689548825,0.00868397434723325,1179.324568412926
16,73,-0.41816790018753697,0.6001748187894553,0.02397246599716117,0.9747448169896406,0.5222955203084545,0.6861564530898531,0.6601048912736732,0.5455476853946062,4.901504786259598,0.010222955203084545,1205.846935926956
16,74,-0.4177364503551489,0.5995932433534845,0.024748995642322944,0.9760548447920557,0.4502023053394725,0.6508111878663736,0.6597559460120908,0.5470230917204136,4.906613894689017,0.009502023053394724,1195.243356359912
16,75,-0.41867433745716837,0.5949165198848828,0.024256294449789904,0.9819304332176472,0.4439062467125528,0.6087772361548449,0.6569499119309297,0.5460869594546008,4.929528689548825,0.009439062467125527,1182.6331708464536
16,76,-0.4169593905946414,0.6345159824341854,0.025969223007058822,0.9860168977758674,0.6244783249474142,0.5345118993805963,0.6807095894605113,0.5493415237134117,4.945465901325883,0.01124478324947414,1160.3535698141789
16,77,-0.418617729652777,0.6098310371957671,0.02397443683082762,0.9819304332176473,0.5222046492118051,0.6543358487898632,0.6658986223174603,0.5455514299785724,4.929528689548825,0.01022204649211805,1196.300754636959
16,78,-0.41837845895197195,0.613805467974043,0.02397443683082762,0.9819304332176473,0.5045781084378708,0.6267785884280527,0.6682832807844259,0.5455514299785724,4.929528689548825,0.010045781084378707,1188.0335765284158
16,79,-0.41914273134503804,0.5949165198848828,0.023932303116090063,0.9819304332176472,0.536282581994012,0.7015928389087247,0.6569499119309297,0.5454713759205712,4.929528689548825,0.010362825819940118,1210.4778516726174
16,80,-0.2682303211475179,0.5676332903202884,0.5,1.0,0.015,1.0,0.6405799741921732,1.45,5.0,0.00515,1300.0
16,81,-0.28085965205244495,0.6135541244573254,0.5,1.0,0.015,1.0,0.6681324746743953,1.45,5.0,0.00515,1300.0
16,82,-0.4185328446444274,0.6154668319644682,0.024970810936176695,0.986070917225565,0.6262295258414695,0.5056583985271224,0.6692800991786809,0.5474445407787357,4.945676577179704,0.011262295258414694,1151.6975195581367
16,83,-0.4170941814186199,0.6112655293251557,0.021954802441105918,0.9645683552568585,0.3787477328113602,0.4804869195305224,0.6667593175950934,0.5417141246381012,4.861816585501748,0.0087874773281136,1144.1460758591568
16,84,-0.4169292347466011,0.6331284025943278,0.024512166456815778,0.983176647124128,0.4396948689864525,0.6185593716597867,0.6798770415565967,0.54657311626795,4.934388923784099,0.009396948689864525,1185.567811497936
16,85,-0.41640211219309964,0.6215867911924298,0.0246994170348021,0.9741547811488807,0.3631392551514591,0.567590482049663,0.6729520747154579,0.546928892366124,4.899203646480634,0.00863139255151459,1170.2771446148988
16,86,-0.4171634352039442,0.6274350892285913,0.025027693479239672,0.9827855992666907,0.48966286791054603,0.5591533423631359,0.6764610535371548,0.5475526176105554,4.9328638371400935,0.00989662867910546,1167.7460027089408
16,87,-0.41626242134718877,0.6283430557152082,0.023365270189138285,0.9704932501192796,0.41057558973364583,0.5348845429350166,0.6770058334291249,0.5443940133593628,4.88492367546519,0.009105755897336459,1160.465362880505
16,88,-0.4179398648210121,0.5988942192180209,0.022545073018413145,0.9661192122323632,0.5331649638189615,0.6587584307698452,0.6593365315308126,0.542835638734985,4.867864927706217,0.010331649638189614,1197.6275292309535
16,89,-0.4188683195490696,0.6182112765705879,0.022745156412905587,0.9821994552626514,0.536282581994012,0.7005597336099217,0.6709267659423528,0.5432157971845206,4.930577875524341,0.010362825819940118,1210.1679200829765
16,90,-0.4185412032048125,0.6227740772435445,0.021415825948907292,0.9801853072199785,0.4150175454893773,0.5551709652847815,0.6736644463461268,0.5406900693029238,4.922722698157916,0.009150175454893772,1166.5512895854345
16,91,-0.4175659016902778,0.6223969553653197,0.023968902853448052,0.9819304332176471,0.37872843696182884,0.5878323930347755,0.6734381732191919,0.5455409154215513,4.929528689548824,0.008787284369618288,1176.3497179104327
16,92,-0.4185584765745478,0.612949539265528,0.023296751457082834,0.9819304332176471,0.45093955693279936,0.5889582884875975,0.6677697235593169,0.5442638277684574,4.929528689548824,0.009509395569327993,1176.6874865462792
16,93,-0.41825024232320407,0.6286029644974787,0.022082455654605978,0.9799918519943216,0.536282581994012,0.7005597336099217,0.6771617786984873,0.5419566657437513,4.9219682227778545,0.010362825819940118,1210.1679200829765
16,94,-0.30973302722007096,0.7460118136794758,0.5,1.0,0.015,1.0,0.7476070882076855,1.45,5.0,0.00515,1300.0
16,95,-0.28146500478708075,0.6158829879512547,0.5,1.0,0.015,1.0,0.6695297927707529,1.45,5.0,0.00515,1300.0
16,96,-0.4189136927981452,0.6047270947341257,0.021678522591611668,0.9766403456748394,0.37204269609173446,0.668048651618561,0.6628362568404754,0.5411891929240622,4.908897348131873,0.008720426960917344,1200.4145954855683
16,97,-0.41870230937958997,0.5949165198848828,0.024616728477631928,0.9819304332176472,0.5045781084378708,0.6731465882977958,0.6569499119309297,0.5467717841075006,4.929528689548825,0.010045781084378707,1201.9439764893386
16,98,-0.283469008419911,0.6236890754974863,0.5,1.0,0.015,1.0,0.6742134452984918,1.45,5.0,0.00515,1300.0
16,99,-0.417026337565769,0.6336017086838391,0.025969223007058822,0.9860168977758674,0.6244783249474142,0.5345118993805963,0.6801610252103035,0.5493415237134117,4.945465901325883,0.01124478324947414,1160.3535698141789
16,100,-0.41729004226088584,0.6341861105046809,0.02447547634705952,0.9844260020847169,0.5687628140665508,0.5488049000260038,0.6805116663028086,0.5465034050594131,4.939261408130395,0.010687628140665508,1164.6414700078012
16,101,-0.41840165260079515,0.6332261012082516,0.02200883371473244,0.986070917225565,0.5064979095447739,0.565708427323671,0.679935660724951,0.5418167840579916,4.945676577179704,0.010064979095447738,1169.7125281971014
16,102,-0.4174166095000986,0.6245109227207867,0.02317502156334472,0.975104605428978,0.5218980678446841,0.5814275064451985,0.6747065536324721,0.5440325409703549,4.902907961173014,0.01021898067844684,1174.4282519335595
16,103,-0.417632840969831,0.6278867433843424,0.02324549690327183,0.9819673458657734,0.4336867951162041,0.5272583475386601,0.6767320460306054,0.5441664441162165,4.929672648876516,0.00933686795116204,1158.177504261598
16,104,-0.4172335632817766,0.6309090958252189,0.023644893472506832,0.9819802625356931,0.41628672151836044,0.5717692016435426,0.6785454574951314,0.544925297597763,4.929723023889203,0.009162867215183603,1171.5307604930629
16,105,-0.4181598028924671,0.6043574752120451,0.02509297276475156,0.9802916571633153,0.5327469460703083,0.6840905306754679,0.6626144851272271,0.547676648253028,4.92313746293693,0.010327469460703082,1205.2271592026405
16,106,-0.41834713353887076,0.5949165198848828,0.02490335932155155,0.9791181590590732,0.5340787944652532,0.6975223942977398,0.6569499119309297,0.547316382710948,4.918560820330385,0.01034078794465253,1209.256718289322
16,107,-0.4176668237299164,0.6283051343455724,0.024704213681784264,0.986070917225565,0.5028993574168505,0.6171165484798348,0.6769830806073436,0.5469380059953901,4.945676577179704,0.010028993574168504,1185.1349645439504
16,108,-0.4169275649764764,0.627557390093862,0.024100308789962978,0.9786693183638975,0.42369598644122,0.5490037347037087,0.6765344340563173,0.5457905867009296,4.9168103416192,0.0092369598644122,1164.7011204111127
16,109,-0.4181217649202618,0.610623252761541,0.024970810936176695,0.9803596674692215,0.6262295258414695,0.502628032919904,0.6663739516569246,0.5474445407787357,4.923402703129964,0.011262295258414694,1150.7884098759712
16,110,-0.417652134515172,0.6339282076744261,0.023311861913157837,0.9829671753588838,0.536282581994012,0.699510192533278,0.6803569246046557,0.5442925376349999,4.933571983899647,0.010362825819940118,1209.8530577599834
16,111,-0.41663650370342126,0.634564085498682,0.024521415188112714,0.9795147277200836,0.5446652602057882,0.5187889966446106,0.6807384512992093,0.5465906888574141,4.920107438108326,0.010446652602057882,1155.636698993383
16,112,-0.41879067156175454,0.6297680141827195,0.021859809707055318,0.9852853220822599,0.5577311925529238,0.5746516257972761,0.6778608085096318,0.5415336384434051,4.942612756120814,0.010577311925529237,1172.395487739183
16,113,-0.4187326379243358,0.6094833093214307,0.023839905401955096,0.9819304332176473,0.5305072681450702,0.6783092018032533,0.6656899855928584,0.5452958202637147,4.929528689548825,0.010305072681450702,1203.492760540976
16,114,-0.4189363248030406,0.6031253904736044,0.023814747588100843,0.9819304332176473,0.536282581994012,0.6078328456557989,0.6618752342841627,0.5452480204173916,4.929528689548825,0.010362825819940118,1182.3498536967397
16,115,-0.419256743194803,0.5949165198848828,0.023841882166374968,0.9831596147907751,0.5169908487183692,0.6814760440833652,0.6569499119309297,0.5452995761161125,4.934322497684023,0.010169908487183691,1204.4428132250096
16,116,-0.41906067318656776,0.5949165198848828,0.024387279459926473,0.983271545955872,0.5356931042915344,0.6932633831231554,0.6569499119309297,0.5463358309738603,4.934759029227901,0.010356931042915343,1207.9790149369467
16,117,-0.4189571383403817,0.5949165198848828,0.02397443683082762,0.9819304332176472,0.4824384801817941,0.6731465882977958,0.6569499119309297,0.5455514299785724,4.929528689548825,0.00982438480181794,1201.9439764893386
16,118,-0.41871090391716254,0.5949165198848828,0.02397443683082762,0.9819304332176472,0.40816360375333605,0.59774856137642,0.6569499119309297,0.5455514299785724,4.929528689548825,0.009081636037533359,1179.324568412926
16,119,-0.4192724073609122,0.5949165198848828,0.023232493108902817,0.9818322378321207,0.4688000398626389,0.6713709039139049,0.6569499119309297,0.5441417369069154,4.92914572754527,0.009688000398626388,1201.4112711741714
16,120,-0.41998775187878606,0.5949165198848828,0.02152259696068317,0.9817188335666747,0.44078207797991914,0.6102444210026272,0.6569499119309297,0.540892934225298,4.928703450910032,0.009407820779799191,1183.0733263007883
16,121,-0.41890900568795286,0.6014377506165457,0.02211331149617915,0.9752274448274276,0.48807719900639746,0.5701094812443247,0.6608626503699275,0.5420152918427403,4.903387034826968,0.009880771990063974,1171.0328443732974
16,122,-0.4185226517270481,0.6093161185752054,0.02354700441993138,0.9819304332176472,0.42994881992143924,0.5496072951366284,0.6655896711451232,0.5447393083978697,4.929528689548825,0.009299488199214393,1164.8821885409884
16,123,-0.276014386373518,0.5953659299329506,0.5,1.0,0.015,1.0,0.6572195579597704,1.45,5.0,0.00515,1300.0
16,124,-0.30957624505515324,0.7451164715012729,0.5,1.0,0.015,1.0,0.7470698829007638,1.45,5.0,0.00515,1300.0
16,125,-0.418915513734985,0.5949165198848828,0.023975127758401136,0.9816838853886563,0.4774857334267495,0.6721162334077269,0.6569499119309297,0.5455527427409621,4.928567153015759,0.009774857334267494,1201.634870022318
16,126,-0.41900755553595326,0.5949165198848828,0.023978015239758753,0.9818671860101392,0.5045781084378708,0.6724012588039738,0.6569499119309297,0.5455582289555416,4.929282025439543,0.010045781084378707,1201.720377641192
16,127,-0.4165554038706795,0.6406906283738907,0.02569125963852597,0.986070917225565,0.6179869202529185,0.5102709375642136,0.6844143770243345,0.5488133933131993,4.945676577179704,0.011179869202529183,1153.081281269264
16,128,-0.41615383895954405,0.6207551898250303,0.023571964704653475,0.9664792069748349,0.3777181573216328,0.5835410387400971,0.6724531138950183,0.5447867329388416,4.869268907201857,0.008777181573216327,1175.062311622029
16,129,-0.4180248742491959,0.6219198871644235,0.023134551611685192,0.9843001128503341,0.30599989360854263,0.5960755043161519,0.6731519322986541,0.5439556480622019,4.938770440116303,0.008059998936085427,1178.8226512948456
16,130,-0.4177666864066493,0.6248012364441675,0.023744312472994925,0.9837879795590501,0.41411209984620867,0.5222089578402243,0.6748807418665006,0.5451141936986903,4.936773120280295,0.009141120998462086,1156.6626873520672
16,131,-0.4164148769144325,0.636729053094599,0.0241924069405813,0.9827425252997037,0.3331595232778586,0.5539907176878871,0.6820374318567595,0.5459655731871045,4.932695848668844,0.008331595232778585,1166.1972153063662
16,132,-0.4173614102584624,0.6332718367543346,0.02447547634705952,0.9844260020847169,0.5687628140665508,0.551819202968939,0.6799631020526008,0.5465034050594131,4.939261408130395,0.010687628140665508,1165.5457608906818
16,133,-0.3123734424541371,0.7615682961418407,0.5,1.0,0.015,1.0,0.7569409776851045,1.45,5.0,0.00515,1300.0
16,134,-0.41792916056322843,0.6171685507851987,0.023291217479703266,0.9763674364989701,0.5236065429163897,0.5746928690181847,0.6703011304711193,0.5442533132114362,4.907833002345983,0.010236065429163898,1172.4078607054555
16,135,-0.4175695933335219,0.5958819470682525,0.023574312369374364,0.9678513322236408,0.5062415255284061,0.5776592028121507,0.6575291682409515,0.5447911935018113,4.874620195672199,0.01006241525528406,1173.2977608436452
16,136,-0.4189538769715626,0.5968400997056623,0.02323197014653887,0.9783868890382161,0.505937963919774,0.6731465882977958,0.6581040598233974,0.5441407432784239,4.915708867249043,0.01005937963919774,1201.9439764893386
16,137,-0.41861423450429647,0.5949165198848828,0.02397443683082762,0.9819304332176472,0.36839743472332503,0.612274577962108,0.6569499119309297,0.5455514299785724,4.929528689548825,0.00868397434723325,1183.6823733886324
16,138,-0.41657054435778157,0.6331284025943278,0.02573742977548097,0.9833349908337837,0.4913389556478358,0.6040333550740986,0.6798770415565967,0.5489011165734139,4.935006464251757,0.009913389556478358,1181.2100065222296
16,139,-0.41849369085861576,0.5978650210761094,0.024171979526095295,0.9820357594615083,0.3718077935758219,0.6340310539662557,0.6587190126456657,0.545926761099581,4.929939461899883,0.008718077935758219,1190.2093161898767
16,140,-0.41864266429958064,0.5977834162888969,0.025103495083527307,0.9833175562181969,0.5523909390595343,0.59774856137642,0.6586700497733382,0.5476966406587018,4.934938469250968,0.010523909390595342,1179.324568412926
16,141,-0.4191187003676728,0.611809922424756,0.022628438786421498,0.9822156412749945,0.5361066601213943,0.512479797207724,0.6670859534548537,0.5429940336942009,4.930641000972479,0.010361066601213942,1153.7439391623172
16,142,-0.41698103435506473,0.6152548696154463,0.0234028642933522,0.9691749518308754,0.4581071509552864,0.516181890787229,0.6691529217692678,0.5444654421573691,4.879782312140414,0.009581071509552863,1154.8545672361688
16,143,-0.41748092642221957,0.6263973157953591,0.023206573471193225,0.9779976002073789,0.48790018423614073,0.5495918950157204,0.6758383894772155,0.5440924895952671,4.914190640808778,0.009879001842361406,1164.8775685047162
16,144,-0.2875409832955431,0.6400405184162533,0.5,1.0,0.015,1.0,0.684024311049752,1.45,5.0,0.00515,1300.0
16,145,-0.4186702756704211,0.6070842988801051,0.02402552869145745,0.9856469627412497,0.37998058945093494,0.5644265428218025,0.6642505793280631,0.5456485045137691,4.944023154690874,0.00879980589450935,1169.3279628465407
16,146,-0.4182465968764497,0.6169028423749815,0.02423649972442251,0.9823543877019624,0.5713388218472919,0.5059747816237108,0.670141705424989,0.5460493494764027,4.9311821120376536,0.010713388218472918,1151.7924344871133
16,147,-0.4165207516779368,0.5953853638685557,0.0224588303451047,0.9544284219517418,0.4841951614025787,0.521798894508823,0.6572312183211335,0.542671777655699,4.8222708456117935,0.009841951614025787,1156.539668352647
16,148,-0.30614751862161527,0.726233665140749,0.5,1.0,0.015,1.0,0.7357401990844494,1.45,5.0,0.00515,1300.0
16,149,-0.4173902477947393,0.6327575223820728,0.02109147464479205,0.9744882796168683,0.4150175454893773,0.6353044346240935,0.6796545134292438,0.5400738018251049,4.900504290505786,0.009150175454893772,1190.591330387228
16,150,-0.4189960576068612,0.5949165198848828,0.02397443683082762,0.9819304332176472,0.5222046492118051,0.5738860450698682,0.6569499119309297,0.5455514299785724,4.929528689548825,0.01022204649211805,1172.1658135209605
16,151,-0.4174628310580705,0.6199947750233104,0.024819740757154984,0.9840540310134751,0.3445187444422179,0.5747885997548848,0.6719968650139863,0.5471575074385945,4.9378107209525535,0.00844518744442218,1172.4365799264654
16,152,-0.416707909756391,0.6347014203847183,0.023613423834377797,0.9820139411299638,0.33895372834801846,0.4805649934263396,0.680820852230831,0.5448655052853179,4.929854370406859,0.008389537283480185,1144.169498027902
16,153,-0.4175687066139717,0.6349366207048462,0.023690089417491074,0.9829311868299613,0.6184256642205066,0.608612834720837,0.6809619724229078,0.5450111698932331,4.933431628636849,0.011184256642205065,1182.5838504162512
16,154,-0.41733453478752586,0.6308721996214071,0.02569125963852597,0.986070917225565,0.6257626526487848,0.5230525015212659,0.6785233197728443,0.5488133933131993,4.945676577179704,0.011257626526487848,1156.9157504563798
16,155,-0.4174675720006947,0.6324887730083614,0.02307080911076069,0.9850272962225421,0.344326458803151,0.5350696351377834,0.6794932638050168,0.5438345373104453,4.941606455267914,0.00844326458803151,1160.5208905413351
16,156,-0.41733776289470065,0.6125882621890903,0.02321447952398653,0.9732287285475807,0.3326635802094822,0.56389058856816,0.6675529573134542,0.5441075110955744,4.895592041335565,0.008326635802094822,1169.167176570448
16,157,-0.29521899252568423,0.6729670481850208,0.5,1.0,0.015,1.0,0.7037802289110126,1.45,5.0,0.00515,1300.0
16,158,-0.41939732311961336,0.6176847459484766,0.021352892809667883,0.9822056332139305,0.5282377520698152,0.5559378707689147,0.670610847569086,0.540570496338369,4.9306019695343295,0.01028237752069815,1166.7813612306745
16,159,-0.4182491325779592,0.5988572406125194,0.021060492143597002,0.9655732830625587,0.4150175454893773,0.6012226307738417,0.6593143443675117,0.5400149350728343,4.865735803943979,0.009150175454893772,1180.3667892321525
16,160,-0.41836102322337304,0.6007811667392515,0.024765588033281143,0.9795815325286652,0.5558012979120313,0.6340310539662557,0.660468700043551,0.5470546172632341,4.920367976861794,0.010558012979120311,1190.2093161898767
16,161,-0.4183062997947021,0.6049981989500138,0.024436261576783382,0.9801393362960024,0.4994406800410469,0.6314303083232193,0.6629989193700083,0.5464288969958884,4.922543411554409,0.009994406800410468,1189.4290924969657
16,162,-0.41763163983909213,0.6283051343455724,0.023997008311208677,0.983187506532103,0.491971242779174,0.6223751308190361,0.6769830806073436,0.5455943157912965,4.934431275475202,0.00991971242779174,1186.7125392457108
16,163,-0.4201913410638153,0.6078816572255658,0.02077638390225372,0.9819304332176471,0.536282581994012,0.6102444210026272,0.6647289943353395,0.5394751294142821,4.929528689548824,0.010362825819940118,1183.0733263007883
16,164,-0.4206332589553867,0.5949165198848828,0.02077638390225372,0.9819304332176471,0.536282581994012,0.6102444210026272,0.6569499119309297,0.5394751294142821,4.929528689548824,0.010362825819940118,1183.0733263007883
16,165,-0.4181586305252081,0.611129531440058,0.02542680387251836,0.9833125118238596,0.5984583948505611,0.5230525015212659,0.6666777188640348,0.5483109273577849,4.9349187961130525,0.01098458394850561,1156.9157504563798
16,166,-0.4176521489024342,0.6259231594443536,0.023969969241012218,0.9796790623474548,0.5558111073963694,0.7015928389087247,0.6755538956666123,0.5455429415579232,4.920748343155074,0.010558111073963693,1210.4778516726174
16,167,-0.4176264549863716,0.6193167670783805,0.024913256350265894,0.9810979002849987,0.5463231483105649,0.5131501653651126,0.6715900602470284,0.5473351870655052,4.926281811111495,0.01046323148310565,1153.9450496095337
16,168,-0.4180065759890736,0.6061396672166175,0.02507545224989688,0.9792062215982602,0.5541722909217471,0.6208691826652596,0.6636838003299705,0.547643359274804,4.918904264233214,0.01054172290921747,1186.2607547995779
16,169,-0.4162761419344102,0.6275959685081478,0.024644791046873216,0.9770547465428391,0.3377091336113781,0.5128452997494597,0.6765575811048887,0.5468251029890591,4.910513511517072,0.00837709133611378,1153.853589924838
16,170,-0.4183491662768717,0.6028170457449864,0.024917004563252056,0.9849148109789008,0.3913013101412527,0.579314204464819,0.6616902274469919,0.5473423086701789,4.941167762817713,0.008913013101412527,1173.7942613394457
16,171,-0.4191762437568051,0.5949165198848828,0.023726673028890755,0.9819304332176472,0.536282581994012,0.6050290147377368,0.6569499119309297,0.5450806787548924,4.929528689548825,0.010362825819940118,1181.508704421321
16,172,-0.29853942406677814,0.6882286467603247,0.5,1.0,0.015,1.0,0.7129371880561949,1.45,5.0,0.00515,1300.0
16,173,-0.42008445400251915,0.5952998411199392,0.02279426405376881,0.984578467981154,0.6067108099234502,0.5772236376001518,0.6571799046719635,0.5433091017021607,4.939856025126501,0.011067108099234502,1173.1670912800455
16,174,-0.4170371103427232,0.6339946027653938,0.023718979615037866,0.9819304332176472,0.4358614167883559,0.6036872931262423,0.6803967616592363,0.5450660612685719,4.929528689548825,0.009358614167883559,1181.1061879378726
16,175,-0.41812810535359285,0.6359871548641186,0.020582978642907875,0.9824657704929562,0.4150175454893773,0.5551709652847815,0.6815922929184712,0.5391076594215249,4.93161650492253,0.009150175454893772,1166.5512895854345
16,176,-0.417502125157209,0.6287199852849272,0.02397443683082762,0.9819304332176472,0.5045781084378708,0.6079678489201199,0.6772319911709563,0.5455514299785724,4.929528689548825,0.010045781084378707,1182.390354676036
16,177,-0.4183882047940325,0.6246710077071256,0.02227552106416282,0.9849099337272149,0.34565939827484893,0.5904626970126812,0.6748026046242754,0.5423234900219094,4.941148741536138,0.008456593982748489,1177.1388091038043
16,178,-0.4181719318862386,0.6237561270928758,0.022557421839952563,0.9821345376791466,0.41277916037451073,0.5339883847322391,0.6742536762557255,0.5428591014959099,4.930324696948672,0.009127791603745106,1160.1965154196716
16,179,-0.41643051192379654,0.6141700696711263,0.022414086545249772,0.9576506905314792,0.5284570838346191,0.5709608210233921,0.6685020418026758,0.5425867644359745,4.834837693072769,0.010284570838346191,1171.2882463070177
16,180,-0.4175435213329381,0.6143494918894352,0.02242981950174938,0.972103396513172,0.3873368380937916,0.4172772368025884,0.6686096951336612,0.5426166570533238,4.891203246401371,0.008873368380937916,1125.1831710407764
16,181,-0.42019988287796267,0.5952998411199392,0.021778638648229483,0.9809166086829637,0.6067108099234502,0.6040923393844155,0.6571799046719635,0.541379413431636,4.925574773863559,0.011067108099234502,1181.2277018153247
16,182,-0.41678670325455913,0.6326607060125639,0.021060492143597002,0.969235142360749,0.4150175454893773,0.5360438913961658,0.6795964236075384,0.5400149350728343,4.880017055206921,0.009150175454893772,1160.8131674188498
16,183,-0.2678837662557016,0.5664364675919986,0.5,1.0,0.015,1.0,0.6398618805551992,1.45,5.0,0.00515,1300.0
16,184,-0.4163594781061181,0.6319739878545054,0.024951647964556074,0.9766265407987744,0.5354485847087627,0.5778678091629645,0.6791843927127033,0.5474081311326565,4.90884350911522,0.010354485847087626,1173.3603427488893
16,185,-0.4167259994959429,0.6219198871644235,0.024296789734918264,0.9759646901164822,0.3490231151113225,0.5822349204093428,0.6731519322986541,0.5461639004963447,4.906262291454281,0.008490231151113225,1174.670476122803
16,186,-0.4183150769409077,0.5978055268890319,0.023258134679645995,0.9744140151532925,0.4645781595075294,0.5914997867189598,0.6586833161334191,0.5441904558913274,4.900214659097841,0.009645781595075294,1177.4499360156879
16,187,-0.4170172007389994,0.638799894379841,0.02397443683082762,0.9826408293426474,0.5665606640306934,0.6731465882977958,0.6832799366279046,0.5455514299785724,4.932299234436325,0.010665606640306934,1201.9439764893386
16,188,-0.4189336120719304,0.5956698869909951,0.024970810936176695,0.9853605211005647,0.5642469702486469,0.5015784918432602,0.6574019321945971,0.5474445407787357,4.9429060322922025,0.010642469702486468,1150.473547552978
16,189,-0.4176760196471178,0.6265332390912685,0.02370551347500461,0.9797161767084959,0.536282581994012,0.7015928389087247,0.6759199434547611,0.5450404756025088,4.920893089163133,0.010362825819940118,1210.4778516726174
16,190,-0.41859057164028113,0.5985488087041797,0.02397443683082762,0.9791349134549008,0.5045781084378708,0.6079678489201199,0.6591292852225079,0.5455514299785724,4.918626162474113,0.010045781084378707,1182.390354676036
16,191,-0.41724120317784674,0.6189288916283273,0.025969223007058822,0.9822190983021681,0.5037579426181944,0.5838124952578381,0.6713573349769965,0.5493415237134117,4.930654483378456,0.010037579426181944,1175.1437485773515
16,192,-0.41912786124654644,0.5949165198848828,0.02397443683082762,0.9832326638242767,0.4923970934888956,0.6731465882977958,0.6569499119309297,0.5455514299785724,4.934607388914679,0.009923970934888955,1201.9439764893386
16,193,-0.4182885240542984,0.5963566435579821,0.02353579936454527,0.9734646913223174,0.5319703425963163,0.5995514296286746,0.6578139861347894,0.544718018792636,4.896512296157038,0.010319703425963162,1179.8654288886023
16,194,-0.4190975763738566,0.6158512372211447,0.02181480398833769,0.9820400077652416,0.45245862464876674,0.5880819484958382,0.6695107423326868,0.5414481275778416,4.929956030284442,0.009524586246487667,1176.4245845487515
16,195,-0.41762456752806226,0.6356503310748425,0.022423666952764845,0.9850422259140003,0.39646612220864164,0.5463553655683863,0.6813901986449056,0.5426049672102532,4.941664681064601,0.008964661222086416,1163.906609670516
16,196,-0.41831830421790933,0.6328255967976375,0.021102611044804112,0.9851139071886315,0.36287788208388666,0.5438852348541787,0.6796953580785825,0.5400949609851278,4.941944238035663,0.008628778820838866,1163.1655704562536
16,197,-0.4187520927164485,0.6006341920626929,0.024923153593241404,0.9845007275289999,0.5164013710158916,0.6731465882977958,0.6603805152376158,0.5473539918271587,4.9395528373631,0.010164013710158914,1201.9439764893386
16,198,-0.41883673671125493,0.5950142453023133,0.024901532336850413,0.9834228824620581,0.5558012979120313,0.6340310539662557,0.657008547181388,0.5473129114400158,4.935349241602027,0.010558012979120311,1190.2093161898767
16,199,-0.2747471758520188,0.5907332966907416,0.5,1.0,0.015,1.0,0.654439978014445,1.45,5.0,0.00515,1300.0
